Year,Fielding,Pitching
1990,575122.713768116,487765.91603053437
2003,2504544.022304833,2133800.1867612293
2007,3225241.9887218047,2635412.23853211
2015,4930045.255639098,3961334.522875817
2006,3160388.0863309354,2534756.866972477
2013,3977991.014760148,3407542.299086758
1988,461444.1330645161,436334.29757785465
1997,1469368.6208053692,1010638.559670782
1994,1055839.3249097473,959880.6861313869
2014,4351932.902877698,3701920.0658536586
2004,2627584.678832117,2147558.113801453
1991,844977.1434599156,900361.9206349206
1996,1198061.1233766233,821639.1382978724
1989,485763.61776061775,486399.0303951368
1998,1372788.4259818732,1120516.4655172413
1985,482023.15346534655,462030.31623931625
2012,3929191.467391304,3328604.5239179954
1987,424668.44725738396,419439.5729166667
2009,3855848.046153846,2983298.732394366
2016,5021088.928286852,4032360.547252747
1995,1063167.0900321542,833982.3981132075
2001,2388741.159090909,2053268.7523584906
1992,1066795.743902439,1081931.6949152541
2005,2678288.0622568093,2384964.0428571426
2000,1937620.9368421054,1818877.2658823528
2010,3737912.0922509227,3201090.9547619047
1986,432371.9723320158,391552.134502924
2011,3859545.8444444444,2885432.539906103
2008,3702782.104651163,2791564.4060324826
1999,1513270.9240924092,1388912.111328125
2002,2402898.021818182,2133336.7403846155
1993,1000680.22,948031.1848552339
