Year,Player,Regular Season ERA,Regular Season Win/Loss,Post-season ERA,Post-season Win/Loss
1884,becanbu01,1.71,0.8387237002260477,4.7,0.3333333333333333
1884,keefeti01,1.71,0.8387237002260477,4.7,0.3333333333333333
1884,radboch01,1.71,0.8387237002260477,4.7,0.3333333333333333
1885,carutbo01,2.245,0.7645734790172156,1.5425,0.4
1885,clarkjo01,2.245,0.7645734790172156,1.5425,0.4
1885,foutzda01,2.245,0.7645734790172156,1.5425,0.4
1885,mccorji01,2.245,0.7645734790172156,1.5425,0.4
1886,carutbo01,2.474285714285714,0.6867683127861877,4.409999999999999,0.4444444444444444
1886,clarkjo01,2.474285714285714,0.6867683127861877,4.409999999999999,0.4444444444444444
1886,foutzda01,2.474285714285714,0.6867683127861877,4.409999999999999,0.4444444444444444
1886,hudsona01,2.474285714285714,0.6867683127861877,4.409999999999999,0.4444444444444444
1886,mccorji01,2.474285714285714,0.6867683127861877,4.409999999999999,0.4444444444444444
1886,ryanji01,2.474285714285714,0.6867683127861877,4.409999999999999,0.4444444444444444
1886,willine01,2.474285714285714,0.6867683127861877,4.409999999999999,0.4444444444444444
1887,baldwla01,3.57,0.6487313524599835,2.436666666666667,0.4527777777777778
1887,carutbo01,3.57,0.6487313524599835,2.436666666666667,0.4527777777777778
1887,conwape01,3.57,0.6487313524599835,2.436666666666667,0.4527777777777778
1887,foutzda01,3.57,0.6487313524599835,2.436666666666667,0.4527777777777778
1887,getzich01,3.57,0.6487313524599835,2.436666666666667,0.4527777777777778
1887,kingsi01,3.57,0.6487313524599835,2.436666666666667,0.4527777777777778
1888,chambel01,2.015,0.6441826199804923,3.67875,0.45625
1888,craneed01,2.015,0.6441826199804923,3.67875,0.45625
1888,devliji02,2.015,0.6441826199804923,3.67875,0.45625
1888,georgbi01,2.015,0.6441826199804923,3.67875,0.45625
1888,keefeti01,2.015,0.6441826199804923,3.67875,0.45625
1888,kingsi01,2.015,0.6441826199804923,3.67875,0.45625
1888,titcoca01,2.015,0.6441826199804923,3.67875,0.45625
1888,welchmi01,2.015,0.6441826199804923,3.67875,0.45625
1889,carutbo01,3.748888888888889,0.7107241743699579,7.875555555555555,0.4
1889,craneed01,3.748888888888889,0.7107241743699579,7.875555555555555,0.4
1889,foutzda01,3.748888888888889,0.7107241743699579,7.875555555555555,0.4
1889,hughemi01,3.748888888888889,0.7107241743699579,7.875555555555555,0.4
1889,keefeti01,3.748888888888889,0.7107241743699579,7.875555555555555,0.4
1889,lovetto01,3.748888888888889,0.7107241743699579,7.875555555555555,0.4
1889,odayha01,3.748888888888889,0.7107241743699579,7.875555555555555,0.4
1889,terryad01,3.748888888888889,0.7107241743699579,7.875555555555555,0.4
1889,welchmi01,3.748888888888889,0.7107241743699579,7.875555555555555,0.4
1890,dailyed01,2.5766666666666667,0.6663932540858087,2.1333333333333333,0.5
1890,ehretre01,2.5766666666666667,0.6663932540858087,2.1333333333333333,0.5
1890,lovetto01,2.5766666666666667,0.6663932540858087,2.1333333333333333,0.5
1890,meakige01,2.5766666666666667,0.6663932540858087,2.1333333333333333,0.5
1890,stratsc01,2.5766666666666667,0.6663932540858087,2.1333333333333333,0.5
1890,terryad01,2.5766666666666667,0.6663932540858087,2.1333333333333333,0.5
1892,clarkjo01,2.648333333333333,0.6871009130842943,2.3916666666666666,0.5
1892,cuppyni01,2.648333333333333,0.6871009130842943,2.3916666666666666,0.5
1892,nichoki01,2.648333333333333,0.6871009130842943,2.3916666666666666,0.5
1892,staleha01,2.648333333333333,0.6871009130842943,2.3916666666666666,0.5
1892,stiveja01,2.648333333333333,0.6871009130842943,2.3916666666666666,0.5
1892,youngcy01,2.648333333333333,0.6871009130842943,2.3916666666666666,0.5
1903,dinnebi01,2.77875,0.6695860842460106,4.03875,0.3361111111111111
1903,hugheto01,2.77875,0.6695860842460106,4.03875,0.3361111111111111
1903,kennebr01,2.77875,0.6695860842460106,4.03875,0.3361111111111111
1903,leevesa01,2.77875,0.6695860842460106,4.03875,0.3361111111111111
1903,phillde01,2.77875,0.6695860842460106,4.03875,0.3361111111111111
1903,thompgu01,2.77875,0.6695860842460106,4.03875,0.3361111111111111
1903,veilbu01,2.77875,0.6695860842460106,4.03875,0.3361111111111111
1903,youngcy01,2.77875,0.6695860842460106,4.03875,0.3361111111111111
1905,amesre01,2.3033333333333332,0.6785551134689065,0.9416666666666668,0.4
1905,bendech01,2.3033333333333332,0.6785551134689065,0.9416666666666668,0.4
1905,coaklan01,2.3033333333333332,0.6785551134689065,0.9416666666666668,0.4
1905,mathech01,2.3033333333333332,0.6785551134689065,0.9416666666666668,0.4
1905,mcginjo01,2.3033333333333332,0.6785551134689065,0.9416666666666668,0.4
1905,planked01,2.3033333333333332,0.6785551134689065,0.9416666666666668,0.4
1906,altroni01,1.7337500000000001,0.7130214215132693,2.51375,0.5555555555555555
1906,brownmo01,1.7337500000000001,0.7130214215132693,2.51375,0.5555555555555555
1906,overaor01,1.7337500000000001,0.7130214215132693,2.51375,0.5555555555555555
1906,owenfr01,1.7337500000000001,0.7130214215132693,2.51375,0.5555555555555555
1906,pfiesja01,1.7337500000000001,0.7130214215132693,2.51375,0.5555555555555555
1906,reulbed01,1.7337500000000001,0.7130214215132693,2.51375,0.5555555555555555
1906,walshed01,1.7337500000000001,0.7130214215132693,2.51375,0.5555555555555555
1906,whitedo01,1.7337500000000001,0.7130214215132693,2.51375,0.5555555555555555
1907,brownmo01,1.82875,0.6993462818908648,1.6662500000000002,0.5714285714285714
1907,donovbi01,1.82875,0.6993462818908648,1.6662500000000002,0.5714285714285714
1907,killied01,1.82875,0.6993462818908648,1.6662500000000002,0.5714285714285714
1907,mullige01,1.82875,0.6993462818908648,1.6662500000000002,0.5714285714285714
1907,overaor01,1.82875,0.6993462818908648,1.6662500000000002,0.5714285714285714
1907,pfiesja01,1.82875,0.6993462818908648,1.6662500000000002,0.5714285714285714
1907,reulbed01,1.82875,0.6993462818908648,1.6662500000000002,0.5714285714285714
1907,sieveed01,1.82875,0.6993462818908648,1.6662500000000002,0.5714285714285714
1908,brownmo01,2.092222222222222,0.5945730707700146,3.7411111111111115,0.5
1908,donovbi01,2.092222222222222,0.5945730707700146,3.7411111111111115,0.5
1908,killied01,2.092222222222222,0.5945730707700146,3.7411111111111115,0.5
1908,mullige01,2.092222222222222,0.5945730707700146,3.7411111111111115,0.5
1908,overaor01,2.092222222222222,0.5945730707700146,3.7411111111111115,0.5
1908,pfiesja01,2.092222222222222,0.5945730707700146,3.7411111111111115,0.5
1908,reulbed01,2.092222222222222,0.5945730707700146,3.7411111111111115,0.5
1908,summeed01,2.092222222222222,0.5945730707700146,3.7411111111111115,0.5
1908,wintege01,2.092222222222222,0.5945730707700146,3.7411111111111115,0.5
1909,adamsba01,2.0580000000000003,0.7092546526417495,4.33,0.4523809523809524
1909,camniho01,2.0580000000000003,0.7092546526417495,4.33,0.4523809523809524
1909,donovbi01,2.0580000000000003,0.7092546526417495,4.33,0.4523809523809524
1909,maddoni01,2.0580000000000003,0.7092546526417495,4.33,0.4523809523809524
1909,mullige01,2.0580000000000003,0.7092546526417495,4.33,0.4523809523809524
1909,phillde01,2.0580000000000003,0.7092546526417495,4.33,0.4523809523809524
1909,summeed01,2.0580000000000003,0.7092546526417495,4.33,0.4523809523809524
1909,willeed01,2.0580000000000003,0.7092546526417495,4.33,0.4523809523809524
1909,willivi01,2.0580000000000003,0.7092546526417495,4.33,0.4523809523809524
1909,worksra01,2.0580000000000003,0.7092546526417495,4.33,0.4523809523809524
1910,bendech01,2.2111111111111112,0.703151478151478,4.821111111111112,0.36666666666666664
1910,brownmo01,2.2111111111111112,0.703151478151478,4.821111111111112,0.36666666666666664
1910,coleki01,2.2111111111111112,0.703151478151478,4.821111111111112,0.36666666666666664
1910,coombja01,2.2111111111111112,0.703151478151478,4.821111111111112,0.36666666666666664
1910,mcintha01,2.2111111111111112,0.703151478151478,4.821111111111112,0.36666666666666664
1910,overaor01,2.2111111111111112,0.703151478151478,4.821111111111112,0.36666666666666664
1910,pfiesja01,2.2111111111111112,0.703151478151478,4.821111111111112,0.36666666666666664
1910,reulbed01,2.2111111111111112,0.703151478151478,4.821111111111112,0.36666666666666664
1910,richile01,2.2111111111111112,0.703151478151478,4.821111111111112,0.36666666666666664
1911,amesre01,2.6075,0.6875951333612624,3.6175,0.5
1911,bendech01,2.6075,0.6875951333612624,3.6175,0.5
1911,coombja01,2.6075,0.6875951333612624,3.6175,0.5
1911,cranddo01,2.6075,0.6875951333612624,3.6175,0.5
1911,marquru01,2.6075,0.6875951333612624,3.6175,0.5
1911,mathech01,2.6075,0.6875951333612624,3.6175,0.5
1911,planked01,2.6075,0.6875951333612624,3.6175,0.5
1911,wiltsho01,2.6075,0.6875951333612624,3.6175,0.5
1912,amesre01,2.5679999999999996,0.6844411075539263,2.433,0.5138888888888888
1912,bediehu01,2.5679999999999996,0.6844411075539263,2.433,0.5138888888888888
1912,collira01,2.5679999999999996,0.6844411075539263,2.433,0.5138888888888888
1912,cranddo01,2.5679999999999996,0.6844411075539263,2.433,0.5138888888888888
1912,hallch02,2.5679999999999996,0.6844411075539263,2.433,0.5138888888888888
1912,marquru01,2.5679999999999996,0.6844411075539263,2.433,0.5138888888888888
1912,mathech01,2.5679999999999996,0.6844411075539263,2.433,0.5138888888888888
1912,obriebu01,2.5679999999999996,0.6844411075539263,2.433,0.5138888888888888
1912,tesreje01,2.5679999999999996,0.6844411075539263,2.433,0.5138888888888888
1912,woodjo02,2.5679999999999996,0.6844411075539263,2.433,0.5138888888888888
1913,bendech01,2.54875,0.6649067080400098,3.4575,0.42857142857142855
1913,bushjo01,2.54875,0.6649067080400098,3.4575,0.42857142857142855
1913,cranddo01,2.54875,0.6649067080400098,3.4575,0.42857142857142855
1913,demaral01,2.54875,0.6649067080400098,3.4575,0.42857142857142855
1913,marquru01,2.54875,0.6649067080400098,3.4575,0.42857142857142855
1913,mathech01,2.54875,0.6649067080400098,3.4575,0.42857142857142855
1913,planked01,2.54875,0.6649067080400098,3.4575,0.42857142857142855
1913,tesreje01,2.54875,0.6649067080400098,3.4575,0.42857142857142855
1914,bendech01,2.63,0.6862425569322119,2.727777777777778,0.3333333333333333
1914,bushjo01,2.63,0.6862425569322119,2.727777777777778,0.3333333333333333
1914,jamesbi02,2.63,0.6862425569322119,2.727777777777778,0.3333333333333333
1914,pennohe01,2.63,0.6862425569322119,2.727777777777778,0.3333333333333333
1914,planked01,2.63,0.6862425569322119,2.727777777777778,0.3333333333333333
1914,rudoldi01,2.63,0.6862425569322119,2.727777777777778,0.3333333333333333
1914,shawkbo01,2.63,0.6862425569322119,2.727777777777778,0.3333333333333333
1914,tylerle01,2.63,0.6862425569322119,2.727777777777778,0.3333333333333333
1914,wyckowe01,2.63,0.6862425569322119,2.727777777777778,0.3333333333333333
1915,alexape01,2.08,0.6253579411991239,2.1900000000000004,0.42857142857142855
1915,chalmge01,2.08,0.6253579411991239,2.1900000000000004,0.42857142857142855
1915,fosteru01,2.08,0.6253579411991239,2.1900000000000004,0.42857142857142855
1915,leonadu01,2.08,0.6253579411991239,2.1900000000000004,0.42857142857142855
1915,mayerer01,2.08,0.6253579411991239,2.1900000000000004,0.42857142857142855
1915,rixeyep01,2.08,0.6253579411991239,2.1900000000000004,0.42857142857142855
1915,shoreer01,2.08,0.6253579411991239,2.1900000000000004,0.42857142857142855
1916,chenela01,2.0839999999999996,0.6152415839872146,2.169,0.42857142857142855
1916,dellwh01,2.0839999999999996,0.6152415839872146,2.169,0.42857142857142855
1916,leonadu01,2.0839999999999996,0.6152415839872146,2.169,0.42857142857142855
1916,marquru01,2.0839999999999996,0.6152415839872146,2.169,0.42857142857142855
1916,maysca01,2.0839999999999996,0.6152415839872146,2.169,0.42857142857142855
1916,pfeffje01,2.0839999999999996,0.6152415839872146,2.169,0.42857142857142855
1916,ruckena01,2.0839999999999996,0.6152415839872146,2.169,0.42857142857142855
1916,ruthba01,2.0839999999999996,0.6152415839872146,2.169,0.42857142857142855
1916,shoreer01,2.0839999999999996,0.6152415839872146,2.169,0.42857142857142855
1916,smithsh01,2.0839999999999996,0.6152415839872146,2.169,0.42857142857142855
1917,anderfr01,2.1179999999999994,0.663211629479378,6.453333333333333,0.4583333333333333
1917,bentoru01,2.1179999999999994,0.663211629479378,6.453333333333333,0.4583333333333333
1917,cicoted01,2.1179999999999994,0.663211629479378,6.453333333333333,0.4583333333333333
1917,danfoda01,2.1179999999999994,0.663211629479378,6.453333333333333,0.4583333333333333
1917,faberre01,2.1179999999999994,0.663211629479378,6.453333333333333,0.4583333333333333
1917,perripo01,2.1179999999999994,0.663211629479378,6.453333333333333,0.4583333333333333
1917,russere01,2.1179999999999994,0.663211629479378,6.453333333333333,0.4583333333333333
1917,sallesl01,2.1179999999999994,0.663211629479378,6.453333333333333,0.4583333333333333
1917,schupfe01,2.1179999999999994,0.663211629479378,6.453333333333333,0.4583333333333333
1917,willile01,2.1179999999999994,0.663211629479378,6.453333333333333,0.4583333333333333
1918,bushjo01,2.18,0.6484765068308025,1.27875,0.4047619047619047
1918,douglph01,2.18,0.6484765068308025,1.27875,0.4047619047619047
1918,hendrcl01,2.18,0.6484765068308025,1.27875,0.4047619047619047
1918,jonessa01,2.18,0.6484765068308025,1.27875,0.4047619047619047
1918,maysca01,2.18,0.6484765068308025,1.27875,0.4047619047619047
1918,ruthba01,2.18,0.6484765068308025,1.27875,0.4047619047619047
1918,tylerle01,2.18,0.6484765068308025,1.27875,0.4047619047619047
1918,vaughhi01,2.18,0.6484765068308025,1.27875,0.4047619047619047
1919,cicoted01,2.2359999999999998,0.680298623632989,2.79,0.47619047619047616
1919,ellerho01,2.2359999999999998,0.680298623632989,2.79,0.47619047619047616
1919,fishera01,2.2359999999999998,0.680298623632989,2.79,0.47619047619047616
1919,jamesbi01,2.2359999999999998,0.680298623632989,2.79,0.47619047619047616
1919,luquedo01,2.2359999999999998,0.680298623632989,2.79,0.47619047619047616
1919,ringji01,2.2359999999999998,0.680298623632989,2.79,0.47619047619047616
1919,ruethdu01,2.2359999999999998,0.680298623632989,2.79,0.47619047619047616
1919,sallesl01,2.2359999999999998,0.680298623632989,2.79,0.47619047619047616
1919,wilkiro01,2.2359999999999998,0.680298623632989,2.79,0.47619047619047616
1919,willile01,2.2359999999999998,0.680298623632989,2.79,0.47619047619047616
1920,bagbyji01,2.594,0.663874215587556,2.669,0.47619047619047616
1920,cadorle01,2.594,0.663874215587556,2.669,0.47619047619047616
1920,covelst01,2.594,0.663874215587556,2.669,0.47619047619047616
1920,grimebu01,2.594,0.663874215587556,2.669,0.47619047619047616
1920,mailsdu01,2.594,0.663874215587556,2.669,0.47619047619047616
1920,mamaual01,2.594,0.663874215587556,2.669,0.47619047619047616
1920,marquru01,2.594,0.663874215587556,2.669,0.47619047619047616
1920,mitchcl01,2.594,0.663874215587556,2.669,0.47619047619047616
1920,pfeffje01,2.594,0.663874215587556,2.669,0.47619047619047616
1920,smithsh01,2.594,0.663874215587556,2.669,0.47619047619047616
1921,barneje01,3.53,0.6116423782156539,6.7540000000000004,0.42857142857142855
1921,douglph01,3.53,0.6116423782156539,6.7540000000000004,0.42857142857142855
1921,harpeha01,3.53,0.6116423782156539,6.7540000000000004,0.42857142857142855
1921,hoytwa01,3.53,0.6116423782156539,6.7540000000000004,0.42857142857142855
1921,maysca01,3.53,0.6116423782156539,6.7540000000000004,0.42857142857142855
1921,nehfar01,3.53,0.6116423782156539,6.7540000000000004,0.42857142857142855
1921,piercbi01,3.53,0.6116423782156539,6.7540000000000004,0.42857142857142855
1921,quinnja01,3.53,0.6116423782156539,6.7540000000000004,0.42857142857142855
1921,shawkbo01,3.53,0.6116423782156539,6.7540000000000004,0.42857142857142855
1921,toneyfr01,3.53,0.6116423782156539,6.7540000000000004,0.42857142857142855
1922,barneje01,3.496000000000001,0.6131779536277591,2.018,0.5714285714285714
1922,bushjo01,3.496000000000001,0.6131779536277591,2.018,0.5714285714285714
1922,hoytwa01,3.496000000000001,0.6131779536277591,2.018,0.5714285714285714
1922,jonessa01,3.496000000000001,0.6131779536277591,2.018,0.5714285714285714
1922,maysca01,3.496000000000001,0.6131779536277591,2.018,0.5714285714285714
1922,mcquihu01,3.496000000000001,0.6131779536277591,2.018,0.5714285714285714
1922,nehfar01,3.496000000000001,0.6131779536277591,2.018,0.5714285714285714
1922,ryanro01,3.496000000000001,0.6131779536277591,2.018,0.5714285714285714
1922,scottja01,3.496000000000001,0.6131779536277591,2.018,0.5714285714285714
1922,shawkbo01,3.496000000000001,0.6131779536277591,2.018,0.5714285714285714
1923,bushjo01,3.4199999999999995,0.6451011708826332,5.892,0.5
1923,hoytwa01,3.4199999999999995,0.6451011708826332,5.892,0.5
1923,jonessa01,3.4199999999999995,0.6451011708826332,5.892,0.5
1923,jonnacl01,3.4199999999999995,0.6451011708826332,5.892,0.5
1923,mcquihu01,3.4199999999999995,0.6451011708826332,5.892,0.5
1923,pennohe01,3.4199999999999995,0.6451011708826332,5.892,0.5
1923,ryanro01,3.4199999999999995,0.6451011708826332,5.892,0.5
1923,scottja01,3.4199999999999995,0.6451011708826332,5.892,0.5
1923,shawkbo01,3.4199999999999995,0.6451011708826332,5.892,0.5
1923,watsomu01,3.4199999999999995,0.6451011708826332,5.892,0.5
1924,barnevi01,2.95,0.624601441231876,3.0555555555555554,0.5476190476190476
1924,johnswa01,2.95,0.624601441231876,3.0555555555555554,0.5476190476190476
1924,jonnacl01,2.95,0.624601441231876,3.0555555555555554,0.5476190476190476
1924,marbefi01,2.95,0.624601441231876,3.0555555555555554,0.5476190476190476
1924,mcquihu01,2.95,0.624601441231876,3.0555555555555554,0.5476190476190476
1924,mogrige01,2.95,0.624601441231876,3.0555555555555554,0.5476190476190476
1924,nehfar01,2.95,0.624601441231876,3.0555555555555554,0.5476190476190476
1924,ogdencu01,2.95,0.624601441231876,3.0555555555555554,0.5476190476190476
1924,speecby01,2.95,0.624601441231876,3.0555555555555554,0.5476190476190476
1924,zachato01,2.95,0.624601441231876,3.0555555555555554,0.5476190476190476
1925,aldrivi01,3.5260000000000007,0.662675335376114,3.3549999999999995,0.47222222222222215
1925,covelst01,3.5260000000000007,0.662675335376114,3.3549999999999995,0.47222222222222215
1925,fergual01,3.5260000000000007,0.662675335376114,3.3549999999999995,0.47222222222222215
1925,johnswa01,3.5260000000000007,0.662675335376114,3.3549999999999995,0.47222222222222215
1925,kremera01,3.5260000000000007,0.662675335376114,3.3549999999999995,0.47222222222222215
1925,marbefi01,3.5260000000000007,0.662675335376114,3.3549999999999995,0.47222222222222215
1925,meadole01,3.5260000000000007,0.662675335376114,3.3549999999999995,0.47222222222222215
1925,morrijo04,3.5260000000000007,0.662675335376114,3.3549999999999995,0.47222222222222215
1925,oldhare01,3.5260000000000007,0.662675335376114,3.3549999999999995,0.47222222222222215
1925,zachato01,3.5260000000000007,0.662675335376114,3.3549999999999995,0.47222222222222215
1926,alexape01,3.3810000000000002,0.5582512449424215,4.142999999999999,0.42857142857142855
1926,bellhi01,3.3810000000000002,0.5582512449424215,4.142999999999999,0.42857142857142855
1926,haineje01,3.3810000000000002,0.5582512449424215,4.142999999999999,0.42857142857142855
1926,hallabi01,3.3810000000000002,0.5582512449424215,4.142999999999999,0.42857142857142855
1926,pennohe01,3.3810000000000002,0.5582512449424215,4.142999999999999,0.42857142857142855
1926,rhemfl01,3.3810000000000002,0.5582512449424215,4.142999999999999,0.42857142857142855
1926,ruethdu01,3.3810000000000002,0.5582512449424215,4.142999999999999,0.42857142857142855
1926,shawkbo01,3.3810000000000002,0.5582512449424215,4.142999999999999,0.42857142857142855
1926,sherdbi01,3.3810000000000002,0.5582512449424215,4.142999999999999,0.42857142857142855
1926,shockur01,3.3810000000000002,0.5582512449424215,4.142999999999999,0.42857142857142855
1927,aldrivi01,3.0629999999999997,0.6981806571461744,3.937,0.5
1927,cvengmi01,3.0629999999999997,0.6981806571461744,3.937,0.5
1927,hillca01,3.0629999999999997,0.6981806571461744,3.937,0.5
1927,hoytwa01,3.0629999999999997,0.6981806571461744,3.937,0.5
1927,kremera01,3.0629999999999997,0.6981806571461744,3.937,0.5
1927,meadole01,3.0629999999999997,0.6981806571461744,3.937,0.5
1927,miljujo01,3.0629999999999997,0.6981806571461744,3.937,0.5
1927,moorewi01,3.0629999999999997,0.6981806571461744,3.937,0.5
1927,pennohe01,3.0629999999999997,0.6981806571461744,3.937,0.5
1927,pipgrge01,3.0629999999999997,0.6981806571461744,3.937,0.5
1928,alexape01,3.491111111111111,0.6292469616468418,4.624444444444445,0.5
1928,haineje01,3.491111111111111,0.6292469616468418,4.624444444444445,0.5
1928,hoytwa01,3.491111111111111,0.6292469616468418,4.624444444444445,0.5
1928,johnssy01,3.491111111111111,0.6292469616468418,4.624444444444445,0.5
1928,mitchcl01,3.491111111111111,0.6292469616468418,4.624444444444445,0.5
1928,pipgrge01,3.491111111111111,0.6292469616468418,4.624444444444445,0.5
1928,rhemfl01,3.491111111111111,0.6292469616468418,4.624444444444445,0.5
1928,sherdbi01,3.491111111111111,0.6292469616468418,4.624444444444445,0.5
1928,zachato01,3.491111111111111,0.6292469616468418,4.624444444444445,0.5
1929,blakesh01,3.4799999999999995,0.7010859577842335,3.5277777777777777,0.5625
1929,bushgu01,3.4799999999999995,0.7010859577842335,3.5277777777777777,0.5625
1929,earnsge01,3.4799999999999995,0.7010859577842335,3.5277777777777777,0.5625
1929,ehmkeho01,3.4799999999999995,0.7010859577842335,3.5277777777777777,0.5625
1929,grovele01,3.4799999999999995,0.7010859577842335,3.5277777777777777,0.5625
1929,malonpa02,3.4799999999999995,0.7010859577842335,3.5277777777777777,0.5625
1929,quinnja01,3.4799999999999995,0.7010859577842335,3.5277777777777777,0.5625
1929,rommeed01,3.4799999999999995,0.7010859577842335,3.5277777777777777,0.5625
1929,rootch01,3.4799999999999995,0.7010859577842335,3.5277777777777777,0.5625
1929,walberu01,3.4799999999999995,0.7010859577842335,3.5277777777777777,0.5625
1930,bellhi01,4.0329999999999995,0.6393030872636135,4.478,0.5333333333333333
1930,earnsge01,4.0329999999999995,0.6393030872636135,4.478,0.5333333333333333
1930,grimebu01,4.0329999999999995,0.6393030872636135,4.478,0.5333333333333333
1930,grovele01,4.0329999999999995,0.6393030872636135,4.478,0.5333333333333333
1930,haineje01,4.0329999999999995,0.6393030872636135,4.478,0.5333333333333333
1930,johnssy01,4.0329999999999995,0.6393030872636135,4.478,0.5333333333333333
1930,lindsji01,4.0329999999999995,0.6393030872636135,4.478,0.5333333333333333
1930,quinnja01,4.0329999999999995,0.6393030872636135,4.478,0.5333333333333333
1930,rhemfl01,4.0329999999999995,0.6393030872636135,4.478,0.5333333333333333
1930,shorebi01,4.0329999999999995,0.6393030872636135,4.478,0.5333333333333333
1931,derripa01,3.207,0.6542582417582419,3.149,0.5
1931,earnsge01,3.207,0.6542582417582419,3.149,0.5
1931,grimebu01,3.207,0.6542582417582419,3.149,0.5
1931,grovele01,3.207,0.6542582417582419,3.149,0.5
1931,hallabi01,3.207,0.6542582417582419,3.149,0.5
1931,johnssy01,3.207,0.6542582417582419,3.149,0.5
1931,lindsji01,3.207,0.6542582417582419,3.149,0.5
1931,rhemfl01,3.207,0.6542582417582419,3.149,0.5
1931,rommeed01,3.207,0.6542582417582419,3.149,0.5
1931,walberu01,3.207,0.6542582417582419,3.149,0.5
1932,allenjo02,3.3050000000000006,0.7056514976958523,7.958,0.5714285714285714
1932,bushgu01,3.3050000000000006,0.7056514976958523,7.958,0.5714285714285714
1932,gomezle01,3.3050000000000006,0.7056514976958523,7.958,0.5714285714285714
1932,malonpa02,3.3050000000000006,0.7056514976958523,7.958,0.5714285714285714
1932,moorewi01,3.3050000000000006,0.7056514976958523,7.958,0.5714285714285714
1932,pipgrge01,3.3050000000000006,0.7056514976958523,7.958,0.5714285714285714
1932,rootch01,3.3050000000000006,0.7056514976958523,7.958,0.5714285714285714
1932,ruffire01,3.3050000000000006,0.7056514976958523,7.958,0.5714285714285714
1932,tinnibu01,3.3050000000000006,0.7056514976958523,7.958,0.5714285714285714
1932,warnelo01,3.3050000000000006,0.7056514976958523,7.958,0.5714285714285714
1933,bellhi01,2.7199999999999998,0.6989045601948828,1.9200000000000004,0.5
1933,fitzsfr01,2.7199999999999998,0.6989045601948828,1.9200000000000004,0.5
1933,hubbeca01,2.7199999999999998,0.6989045601948828,1.9200000000000004,0.5
1933,luquedo01,2.7199999999999998,0.6989045601948828,1.9200000000000004,0.5
1933,mccolal01,2.7199999999999998,0.6989045601948828,1.9200000000000004,0.5
1933,russeja01,2.7199999999999998,0.6989045601948828,1.9200000000000004,0.5
1933,schumha02,2.7199999999999998,0.6989045601948828,1.9200000000000004,0.5
1933,stewale01,2.7199999999999998,0.6989045601948828,1.9200000000000004,0.5
1933,weavemo01,2.7199999999999998,0.6989045601948828,1.9200000000000004,0.5
1933,whiteea01,2.7199999999999998,0.6989045601948828,1.9200000000000004,0.5
1934,aukerel01,3.536,0.6525962325962327,2.5639999999999996,0.4523809523809524
1934,bridgto01,3.536,0.6525962325962327,2.5639999999999996,0.4523809523809524
1934,crowdal01,3.536,0.6525962325962327,2.5639999999999996,0.4523809523809524
1934,deandi01,3.536,0.6525962325962327,2.5639999999999996,0.4523809523809524
1934,deanpa01,3.536,0.6525962325962327,2.5639999999999996,0.4523809523809524
1934,haineje01,3.536,0.6525962325962327,2.5639999999999996,0.4523809523809524
1934,hallabi01,3.536,0.6525962325962327,2.5639999999999996,0.4523809523809524
1934,rowesc01,3.536,0.6525962325962327,2.5639999999999996,0.4523809523809524
1934,vanceda01,3.536,0.6525962325962327,2.5639999999999996,0.4523809523809524
1934,walkebi01,3.536,0.6525962325962327,2.5639999999999996,0.4523809523809524
1935,aukerel01,3.3800000000000003,0.6449433863446468,2.7766666666666664,0.3888888888888889
1935,bridgto01,3.3800000000000003,0.6449433863446468,2.7766666666666664,0.3888888888888889
1935,carlete01,3.3800000000000003,0.6449433863446468,2.7766666666666664,0.3888888888888889
1935,frencla01,3.3800000000000003,0.6449433863446468,2.7766666666666664,0.3888888888888889
1935,henshro01,3.3800000000000003,0.6449433863446468,2.7766666666666664,0.3888888888888889
1935,hogsech01,3.3800000000000003,0.6449433863446468,2.7766666666666664,0.3888888888888889
1935,leebi02,3.3800000000000003,0.6449433863446468,2.7766666666666664,0.3888888888888889
1935,rootch01,3.3800000000000003,0.6449433863446468,2.7766666666666664,0.3888888888888889
1935,rowesc01,3.3800000000000003,0.6449433863446468,2.7766666666666664,0.3888888888888889
1935,warnelo01,3.3800000000000003,0.6449433863446468,2.7766666666666664,0.3888888888888889
1936,coffmdi01,3.465,0.6346101474777945,12.602222222222222,0.3333333333333333
1936,fitzsfr01,3.465,0.6346101474777945,12.602222222222222,0.3333333333333333
1936,gablefr01,3.465,0.6346101474777945,12.602222222222222,0.3333333333333333
1936,hubbeca01,3.465,0.6346101474777945,12.602222222222222,0.3333333333333333
1936,malonpa02,3.465,0.6346101474777945,12.602222222222222,0.3333333333333333
1936,murphjo04,3.465,0.6346101474777945,12.602222222222222,0.3333333333333333
1936,pearsmo01,3.465,0.6346101474777945,12.602222222222222,0.3333333333333333
1936,ruffire01,3.465,0.6346101474777945,12.602222222222222,0.3333333333333333
1936,schumha02,3.465,0.6346101474777945,12.602222222222222,0.3333333333333333
1936,smithal03,3.465,0.6346101474777945,12.602222222222222,0.3333333333333333
1937,andreiv01,3.19,0.6658148332304014,2.838888888888889,0.5833333333333334
1937,coffmdi01,3.19,0.6658148332304014,2.838888888888889,0.5833333333333334
1937,gomezle01,3.19,0.6658148332304014,2.838888888888889,0.5833333333333334
1937,gumbeha01,3.19,0.6658148332304014,2.838888888888889,0.5833333333333334
1937,hubbeca01,3.19,0.6658148332304014,2.838888888888889,0.5833333333333334
1937,meltocl01,3.19,0.6658148332304014,2.838888888888889,0.5833333333333334
1937,murphjo04,3.19,0.6658148332304014,2.838888888888889,0.5833333333333334
1937,pearsmo01,3.19,0.6658148332304014,2.838888888888889,0.5833333333333334
1937,ruffire01,3.19,0.6658148332304014,2.838888888888889,0.5833333333333334
1937,schumha02,3.19,0.6658148332304014,2.838888888888889,0.5833333333333334
1938,bryancl01,3.2039999999999997,0.6554522258839859,4.124,0.5
1938,deandi01,3.2039999999999997,0.6554522258839859,4.124,0.5
1938,frencla01,3.2039999999999997,0.6554522258839859,4.124,0.5
1938,gomezle01,3.2039999999999997,0.6554522258839859,4.124,0.5
1938,leebi02,3.2039999999999997,0.6554522258839859,4.124,0.5
1938,pageva01,3.2039999999999997,0.6554522258839859,4.124,0.5
1938,pearsmo01,3.2039999999999997,0.6554522258839859,4.124,0.5
1938,rootch01,3.2039999999999997,0.6554522258839859,4.124,0.5
1938,ruffire01,3.2039999999999997,0.6554522258839859,4.124,0.5
1938,russeja01,3.2039999999999997,0.6554522258839859,4.124,0.5
1939,derripa01,3.0449999999999995,0.6944117585630742,3.3010000000000006,0.4
1939,gomezle01,3.0449999999999995,0.6944117585630742,3.3010000000000006,0.4
1939,grissle01,3.0449999999999995,0.6944117585630742,3.3010000000000006,0.4
1939,hadlebu01,3.0449999999999995,0.6944117585630742,3.3010000000000006,0.4
1939,hildeor01,3.0449999999999995,0.6944117585630742,3.3010000000000006,0.4
1939,moorewh01,3.0449999999999995,0.6944117585630742,3.3010000000000006,0.4
1939,ruffire01,3.0449999999999995,0.6944117585630742,3.3010000000000006,0.4
1939,sundrst01,3.0449999999999995,0.6944117585630742,3.3010000000000006,0.4
1939,thompju01,3.0449999999999995,0.6944117585630742,3.3010000000000006,0.4
1939,waltebu01,3.0449999999999995,0.6944117585630742,3.3010000000000006,0.4
1940,beggsjo01,2.81,0.6973726142278773,6.154999999999999,0.47619047619047616
1940,bridgto01,2.81,0.6973726142278773,6.154999999999999,0.47619047619047616
1940,derripa01,2.81,0.6973726142278773,6.154999999999999,0.47619047619047616
1940,mckaiar01,2.81,0.6973726142278773,6.154999999999999,0.47619047619047616
1940,newsobo01,2.81,0.6973726142278773,6.154999999999999,0.47619047619047616
1940,riddlel01,2.81,0.6973726142278773,6.154999999999999,0.47619047619047616
1940,rowesc01,2.81,0.6973726142278773,6.154999999999999,0.47619047619047616
1940,thompju01,2.81,0.6973726142278773,6.154999999999999,0.47619047619047616
1940,turneji01,2.81,0.6973726142278773,6.154999999999999,0.47619047619047616
1940,waltebu01,2.81,0.6973726142278773,6.154999999999999,0.47619047619047616
1941,allenjo02,2.772,0.7254680057099412,2.052,0.5833333333333334
1941,bonhati01,2.772,0.7254680057099412,2.052,0.5833333333333334
1941,chandsp01,2.772,0.7254680057099412,2.052,0.5833333333333334
1941,daviscu01,2.772,0.7254680057099412,2.052,0.5833333333333334
1941,fitzsfr01,2.772,0.7254680057099412,2.052,0.5833333333333334
1941,frencla01,2.772,0.7254680057099412,2.052,0.5833333333333334
1941,higbeki01,2.772,0.7254680057099412,2.052,0.5833333333333334
1941,murphjo04,2.772,0.7254680057099412,2.052,0.5833333333333334
1941,russoma01,2.772,0.7254680057099412,2.052,0.5833333333333334
1941,wyattwh01,2.772,0.7254680057099412,2.052,0.5833333333333334
1942,beazljo01,2.38,0.6651771742248949,3.467777777777778,0.5
1942,bonhati01,2.38,0.6651771742248949,3.467777777777778,0.5
1942,borowha01,2.38,0.6651771742248949,3.467777777777778,0.5
1942,breuema01,2.38,0.6651771742248949,3.467777777777778,0.5
1942,chandsp01,2.38,0.6651771742248949,3.467777777777778,0.5
1942,coopemo01,2.38,0.6651771742248949,3.467777777777778,0.5
1942,laniema01,2.38,0.6651771742248949,3.467777777777778,0.5
1942,polleho01,2.38,0.6651771742248949,3.467777777777778,0.5
1942,turneji01,2.38,0.6651771742248949,3.467777777777778,0.5
1942,whiteer01,2.38,0.6651771742248949,3.467777777777778,0.5
1943,bonhati01,2.3709999999999996,0.713765901140339,1.9944444444444447,0.35714285714285715
1943,borowha01,2.3709999999999996,0.713765901140339,1.9944444444444447,0.35714285714285715
1943,brazlal01,2.3709999999999996,0.713765901140339,1.9944444444444447,0.35714285714285715
1943,brechha01,2.3709999999999996,0.713765901140339,1.9944444444444447,0.35714285714285715
1943,chandsp01,2.3709999999999996,0.713765901140339,1.9944444444444447,0.35714285714285715
1943,coopemo01,2.3709999999999996,0.713765901140339,1.9944444444444447,0.35714285714285715
1943,dicksmu01,2.3709999999999996,0.713765901140339,1.9944444444444447,0.35714285714285715
1943,kristho01,2.3709999999999996,0.713765901140339,1.9944444444444447,0.35714285714285715
1943,laniema01,2.3709999999999996,0.713765901140339,1.9944444444444447,0.35714285714285715
1943,murphjo04,2.3709999999999996,0.713765901140339,1.9944444444444447,0.35714285714285715
1944,brechha01,2.7390000000000003,0.6673090551311966,1.378,0.5555555555555556
1944,coopemo01,2.7390000000000003,0.6673090551311966,1.378,0.5555555555555556
1944,donnebl01,2.7390000000000003,0.6673090551311966,1.378,0.5555555555555556
1944,galehde01,2.7390000000000003,0.6673090551311966,1.378,0.5555555555555556
1944,krameja01,2.7390000000000003,0.6673090551311966,1.378,0.5555555555555556
1944,laniema01,2.7390000000000003,0.6673090551311966,1.378,0.5555555555555556
1944,muncrbo01,2.7390000000000003,0.6673090551311966,1.378,0.5555555555555556
1944,pottene01,2.7390000000000003,0.6673090551311966,1.378,0.5555555555555556
1944,schmifr01,2.7390000000000003,0.6673090551311966,1.378,0.5555555555555556
1944,wilkste01,2.7390000000000003,0.6673090551311966,1.378,0.5555555555555556
1945,bentoal01,2.492,0.7047452819511643,5.652222222222222,0.5238095238095238
1945,borowha01,2.492,0.7047452819511643,5.652222222222222,0.5238095238095238
1945,bridgto01,2.492,0.7047452819511643,5.652222222222222,0.5238095238095238
1945,erickpa01,2.492,0.7047452819511643,5.652222222222222,0.5238095238095238
1945,newhoha01,2.492,0.7047452819511643,5.652222222222222,0.5238095238095238
1945,passecl01,2.492,0.7047452819511643,5.652222222222222,0.5238095238095238
1945,primra01,2.492,0.7047452819511643,5.652222222222222,0.5238095238095238
1945,troutdi01,2.492,0.7047452819511643,5.652222222222222,0.5238095238095238
1945,truckvi01,2.492,0.7047452819511643,5.652222222222222,0.5238095238095238
1945,wyseha01,2.492,0.7047452819511643,5.652222222222222,0.5238095238095238
1946,brazlal01,2.696,0.6700460829493088,6.336,0.375
1946,brechha01,2.696,0.6700460829493088,6.336,0.375
1946,brownma01,2.696,0.6700460829493088,6.336,0.375
1946,dicksmu01,2.696,0.6700460829493088,6.336,0.375
1946,dobsojo01,2.696,0.6700460829493088,6.336,0.375
1946,ferrida01,2.696,0.6700460829493088,6.336,0.375
1946,hughste01,2.696,0.6700460829493088,6.336,0.375
1946,klingbo01,2.696,0.6700460829493088,6.336,0.375
1946,polleho01,2.696,0.6700460829493088,6.336,0.375
1946,zuberbi01,2.696,0.6700460829493088,6.336,0.375
1947,brancra01,2.9019999999999997,0.655786935498606,7.482222222222223,0.5
1947,chandsp01,2.9019999999999997,0.655786935498606,7.482222222222223,0.5
1947,hattejo01,2.9019999999999997,0.655786935498606,7.482222222222223,0.5
1947,lombavi01,2.9019999999999997,0.655786935498606,7.482222222222223,0.5
1947,newsobo01,2.9019999999999997,0.655786935498606,7.482222222222223,0.5
1947,pagejo01,2.9019999999999997,0.655786935498606,7.482222222222223,0.5
1947,reynoal01,2.9019999999999997,0.655786935498606,7.482222222222223,0.5
1947,sheasp01,2.9019999999999997,0.655786935498606,7.482222222222223,0.5
1947,tayloha03,2.9019999999999997,0.655786935498606,7.482222222222223,0.5
1947,wenslbu01,2.9019999999999997,0.655786935498606,7.482222222222223,0.5
1948,beardge01,2.783,0.6712112751083339,2.48375,0.5833333333333334
1948,bickfve01,2.783,0.6712112751083339,2.48375,0.5833333333333334
1948,chrisru01,2.783,0.6712112751083339,2.48375,0.5833333333333334
1948,fellebo01,2.783,0.6712112751083339,2.48375,0.5833333333333334
1948,gromest01,2.783,0.6712112751083339,2.48375,0.5833333333333334
1948,kliemed01,2.783,0.6712112751083339,2.48375,0.5833333333333334
1948,lemonbo01,2.783,0.6712112751083339,2.48375,0.5833333333333334
1948,paigesa01,2.783,0.6712112751083339,2.48375,0.5833333333333334
1948,pottene01,2.783,0.6712112751083339,2.48375,0.5833333333333334
1948,sainjo01,2.783,0.6712112751083339,2.48375,0.5833333333333334
1949,bantaja01,3.3659999999999997,0.6557289540066951,2.162,0.75
1949,byrneto01,3.3659999999999997,0.6557289540066951,2.162,0.75
1949,lopated01,3.3659999999999997,0.6557289540066951,2.162,0.75
1949,minnepa01,3.3659999999999997,0.6557289540066951,2.162,0.75
1949,newcodo01,3.3659999999999997,0.6557289540066951,2.162,0.75
1949,pagejo01,3.3659999999999997,0.6557289540066951,2.162,0.75
1949,palicer01,3.3659999999999997,0.6557289540066951,2.162,0.75
1949,raschvi01,3.3659999999999997,0.6557289540066951,2.162,0.75
1949,reynoal01,3.3659999999999997,0.6557289540066951,2.162,0.75
1949,roepr01,3.3659999999999997,0.6557289540066951,2.162,0.75
1950,ferrito01,3.6310000000000002,0.6242413149202448,4.0729999999999995,0.5
1950,fordwh01,3.6310000000000002,0.6242413149202448,4.0729999999999995,0.5
1950,heintke01,3.6310000000000002,0.6242413149202448,4.0729999999999995,0.5
1950,konstji01,3.6310000000000002,0.6242413149202448,4.0729999999999995,0.5
1950,lopated01,3.6310000000000002,0.6242413149202448,4.0729999999999995,0.5
1950,meyerru01,3.6310000000000002,0.6242413149202448,4.0729999999999995,0.5
1950,millebo02,3.6310000000000002,0.6242413149202448,4.0729999999999995,0.5
1950,raschvi01,3.6310000000000002,0.6242413149202448,4.0729999999999995,0.5
1950,reynoal01,3.6310000000000002,0.6242413149202448,4.0729999999999995,0.5
1950,roberro01,3.6310000000000002,0.6242413149202448,4.0729999999999995,0.5
1951,hoguebo01,2.316,0.6725899089803945,2.807,0.4166666666666667
1951,jansela01,2.316,0.6725899089803945,2.807,0.4166666666666667
1951,kennemo01,2.316,0.6725899089803945,2.807,0.4166666666666667
1951,konikal01,2.316,0.6725899089803945,2.807,0.4166666666666667
1951,kosloda01,2.316,0.6725899089803945,2.807,0.4166666666666667
1951,kuzavbo01,2.316,0.6725899089803945,2.807,0.4166666666666667
1951,lopated01,2.316,0.6725899089803945,2.807,0.4166666666666667
1951,maglisa01,2.316,0.6725899089803945,2.807,0.4166666666666667
1951,raschvi01,2.316,0.6725899089803945,2.807,0.4166666666666667
1951,reynoal01,2.316,0.6725899089803945,2.807,0.4166666666666667
1952,blackew01,2.4949999999999997,0.7396233590970434,3.8880000000000003,0.5
1952,blackjo02,2.4949999999999997,0.7396233590970434,3.8880000000000003,0.5
1952,erskica01,2.4949999999999997,0.7396233590970434,3.8880000000000003,0.5
1952,kuzavbo01,2.4949999999999997,0.7396233590970434,3.8880000000000003,0.5
1952,loesbi01,2.4949999999999997,0.7396233590970434,3.8880000000000003,0.5
1952,lopated01,2.4949999999999997,0.7396233590970434,3.8880000000000003,0.5
1952,raschvi01,2.4949999999999997,0.7396233590970434,3.8880000000000003,0.5
1952,reynoal01,2.4949999999999997,0.7396233590970434,3.8880000000000003,0.5
1952,roepr01,2.4949999999999997,0.7396233590970434,3.8880000000000003,0.5
1952,scarbra01,2.4949999999999997,0.7396233590970434,3.8880000000000003,0.5
1953,fordwh01,3.095,0.6505001858975028,4.599,0.5
1953,gormato02,3.095,0.6505001858975028,4.599,0.5
1953,kuzavbo01,3.095,0.6505001858975028,4.599,0.5
1953,labincl01,3.095,0.6505001858975028,4.599,0.5
1953,lopated01,3.095,0.6505001858975028,4.599,0.5
1953,millibo01,3.095,0.6505001858975028,4.599,0.5
1953,raschvi01,3.095,0.6505001858975028,4.599,0.5
1953,reynoal01,3.095,0.6505001858975028,4.599,0.5
1953,sainjo01,3.095,0.6505001858975028,4.599,0.5
1953,schalar01,3.095,0.6505001858975028,4.599,0.5
1954,antonjo02,2.4389999999999996,0.7023843041490101,2.3944444444444444,0.5
1954,garcimi01,2.4389999999999996,0.7023843041490101,2.3944444444444444,0.5
1954,gomezru01,2.4389999999999996,0.7023843041490101,2.3944444444444444,0.5
1954,grissma01,2.4389999999999996,0.7023843041490101,2.3944444444444444,0.5
1954,lemonbo01,2.4389999999999996,0.7023843041490101,2.3944444444444444,0.5
1954,mossido01,2.4389999999999996,0.7023843041490101,2.3944444444444444,0.5
1954,narlera01,2.4389999999999996,0.7023843041490101,2.3944444444444444,0.5
1954,newhoha01,2.4389999999999996,0.7023843041490101,2.3944444444444444,0.5
1954,wilheho01,2.4389999999999996,0.7023843041490101,2.3944444444444444,0.5
1954,wynnea01,2.4389999999999996,0.7023843041490101,2.3944444444444444,0.5
1955,bessedo01,3.0229999999999997,0.6852864357864358,5.002,0.5
1955,byrneto01,3.0229999999999997,0.6852864357864358,5.002,0.5
1955,craigro01,3.0229999999999997,0.6852864357864358,5.002,0.5
1955,fordwh01,3.0229999999999997,0.6852864357864358,5.002,0.5
1955,labincl01,3.0229999999999997,0.6852864357864358,5.002,0.5
1955,larsedo01,3.0229999999999997,0.6852864357864358,5.002,0.5
1955,morgato01,3.0229999999999997,0.6852864357864358,5.002,0.5
1955,newcodo01,3.0229999999999997,0.6852864357864358,5.002,0.5
1955,sturdto01,3.0229999999999997,0.6852864357864358,5.002,0.5
1955,turlebo01,3.0229999999999997,0.6852864357864358,5.002,0.5
1956,bessedo01,3.0520000000000005,0.6548674237811066,4.744444444444444,0.625
1956,byrneto01,3.0520000000000005,0.6548674237811066,4.744444444444444,0.625
1956,craigro01,3.0520000000000005,0.6548674237811066,4.744444444444444,0.625
1956,drysddo01,3.0520000000000005,0.6548674237811066,4.744444444444444,0.625
1956,fordwh01,3.0520000000000005,0.6548674237811066,4.744444444444444,0.625
1956,labincl01,3.0520000000000005,0.6548674237811066,4.744444444444444,0.625
1956,larsedo01,3.0520000000000005,0.6548674237811066,4.744444444444444,0.625
1956,maglisa01,3.0520000000000005,0.6548674237811066,4.744444444444444,0.625
1956,newcodo01,3.0520000000000005,0.6548674237811066,4.744444444444444,0.625
1956,sturdto01,3.0520000000000005,0.6548674237811066,4.744444444444444,0.625
1957,buhlbo01,2.6279999999999997,0.6390005980861244,4.75,0.3333333333333333
1957,conlege01,2.6279999999999997,0.6390005980861244,4.75,0.3333333333333333
1957,ditmaar01,2.6279999999999997,0.6390005980861244,4.75,0.3333333333333333
1957,fordwh01,2.6279999999999997,0.6390005980861244,4.75,0.3333333333333333
1957,grimbo01,2.6279999999999997,0.6390005980861244,4.75,0.3333333333333333
1957,mcmahdo02,2.6279999999999997,0.6390005980861244,4.75,0.3333333333333333
1957,shantbo01,2.6279999999999997,0.6390005980861244,4.75,0.3333333333333333
1957,spahnwa01,2.6279999999999997,0.6390005980861244,4.75,0.3333333333333333
1957,sturdto01,2.6279999999999997,0.6390005980861244,4.75,0.3333333333333333
1957,turlebo01,2.6279999999999997,0.6390005980861244,4.75,0.3333333333333333
1958,burdele01,2.813,0.6308578431372549,5.0,0.5277777777777778
1958,ditmaar01,2.813,0.6308578431372549,5.0,0.5277777777777778
1958,durenry01,2.813,0.6308578431372549,5.0,0.5277777777777778
1958,fordwh01,2.813,0.6308578431372549,5.0,0.5277777777777778
1958,larsedo01,2.813,0.6308578431372549,5.0,0.5277777777777778
1958,monroza01,2.813,0.6308578431372549,5.0,0.5277777777777778
1958,pizarju01,2.813,0.6308578431372549,5.0,0.5277777777777778
1958,spahnwa01,2.813,0.6308578431372549,5.0,0.5277777777777778
1958,turlebo01,2.813,0.6308578431372549,5.0,0.5277777777777778
1958,willeca01,2.813,0.6308578431372549,5.0,0.5277777777777778
1959,craigro01,2.991,0.6192787042560182,2.61875,0.42857142857142855
1959,donovdi01,2.991,0.6192787042560182,2.61875,0.42857142857142855
1959,drysddo01,2.991,0.6192787042560182,2.61875,0.42857142857142855
1959,labincl01,2.991,0.6192787042560182,2.61875,0.42857142857142855
1959,lowntu01,2.991,0.6192787042560182,2.61875,0.42857142857142855
1959,piercbi02,2.991,0.6192787042560182,2.61875,0.42857142857142855
1959,shawbo01,2.991,0.6192787042560182,2.61875,0.42857142857142855
1959,sherrla01,2.991,0.6192787042560182,2.61875,0.42857142857142855
1959,stalege01,2.991,0.6192787042560182,2.61875,0.42857142857142855
1959,wynnea01,2.991,0.6192787042560182,2.61875,0.42857142857142855
1960,arroylu01,2.764,0.6902750410509031,8.717777777777776,0.4
1960,ditmaar01,2.764,0.6902750410509031,8.717777777777776,0.4
1960,facero01,2.764,0.6902750410509031,8.717777777777776,0.4
1960,fordwh01,2.764,0.6902750410509031,8.717777777777776,0.4
1960,frienbo01,2.764,0.6902750410509031,8.717777777777776,0.4
1960,labincl01,2.764,0.6902750410509031,8.717777777777776,0.4
1960,lawve01,2.764,0.6902750410509031,8.717777777777776,0.4
1960,mizelvi01,2.764,0.6902750410509031,8.717777777777776,0.4
1960,shantbo01,2.764,0.6902750410509031,8.717777777777776,0.4
1960,staffbi01,2.764,0.6902750410509031,8.717777777777776,0.4
1961,arroylu01,2.9780000000000006,0.7237313045211569,4.514999999999999,0.5
1961,brosnji01,2.9780000000000006,0.7237313045211569,4.514999999999999,0.5
1961,coateji01,2.9780000000000006,0.7237313045211569,4.514999999999999,0.5
1961,fordwh01,2.9780000000000006,0.7237313045211569,4.514999999999999,0.5
1961,henrybi01,2.9780000000000006,0.7237313045211569,4.514999999999999,0.5
1961,jayjo01,2.9780000000000006,0.7237313045211569,4.514999999999999,0.5
1961,johnske02,2.9780000000000006,0.7237313045211569,4.514999999999999,0.5
1961,otoolji01,2.9780000000000006,0.7237313045211569,4.514999999999999,0.5
1961,staffbi01,2.9780000000000006,0.7237313045211569,4.514999999999999,0.5
1961,terryra01,2.9780000000000006,0.7237313045211569,4.514999999999999,0.5
1962,bolinbo01,3.3920000000000003,0.6593752015906584,2.829,0.5
1962,bridgma01,3.3920000000000003,0.6593752015906584,2.829,0.5
1962,daleybu01,3.3920000000000003,0.6593752015906584,2.829,0.5
1962,fordwh01,3.3920000000000003,0.6593752015906584,2.829,0.5
1962,maricju01,3.3920000000000003,0.6593752015906584,2.829,0.5
1962,odellbi01,3.3920000000000003,0.6593752015906584,2.829,0.5
1962,piercbi02,3.3920000000000003,0.6593752015906584,2.829,0.5
1962,sanfoja02,3.3920000000000003,0.6593752015906584,2.829,0.5
1962,staffbi01,3.3920000000000003,0.6593752015906584,2.829,0.5
1962,terryra01,3.3920000000000003,0.6593752015906584,2.829,0.5
1963,boutoji01,2.566,0.6915055814346112,1.5690000000000002,0.4
1963,downial01,2.566,0.6915055814346112,1.5690000000000002,0.4
1963,drysddo01,2.566,0.6915055814346112,1.5690000000000002,0.4
1963,fordwh01,2.566,0.6915055814346112,1.5690000000000002,0.4
1963,hamilst01,2.566,0.6915055814346112,1.5690000000000002,0.4
1963,koufasa01,2.566,0.6915055814346112,1.5690000000000002,0.4
1963,perraro01,2.566,0.6915055814346112,1.5690000000000002,0.4
1963,renifha01,2.566,0.6915055814346112,1.5690000000000002,0.4
1963,terryra01,2.566,0.6915055814346112,1.5690000000000002,0.4
1963,willist02,2.566,0.6915055814346112,1.5690000000000002,0.4
1964,boutoji01,2.634,0.6414623266323828,6.794444444444445,0.5277777777777778
1964,craigro01,2.634,0.6414623266323828,6.794444444444445,0.5277777777777778
1964,fordwh01,2.634,0.6414623266323828,6.794444444444445,0.5277777777777778
1964,gibsobo01,2.634,0.6414623266323828,6.794444444444445,0.5277777777777778
1964,hamilst01,2.634,0.6414623266323828,6.794444444444445,0.5277777777777778
1964,humphbo01,2.634,0.6414623266323828,6.794444444444445,0.5277777777777778
1964,renifha01,2.634,0.6414623266323828,6.794444444444445,0.5277777777777778
1964,richago01,2.634,0.6414623266323828,6.794444444444445,0.5277777777777778
1964,schulba01,2.634,0.6414623266323828,6.794444444444445,0.5277777777777778
1964,stottme01,2.634,0.6414623266323828,6.794444444444445,0.5277777777777778
1965,breweji01,2.446,0.6073891097692743,2.5010000000000003,0.49999999999999994
1965,drysddo01,2.446,0.6073891097692743,2.5010000000000003,0.49999999999999994
1965,kaatji01,2.446,0.6073891097692743,2.5010000000000003,0.49999999999999994
1965,klippjo01,2.446,0.6073891097692743,2.5010000000000003,0.49999999999999994
1965,koufasa01,2.446,0.6073891097692743,2.5010000000000003,0.49999999999999994
1965,millebo04,2.446,0.6073891097692743,2.5010000000000003,0.49999999999999994
1965,osteecl01,2.446,0.6073891097692743,2.5010000000000003,0.49999999999999994
1965,perraro01,2.446,0.6073891097692743,2.5010000000000003,0.49999999999999994
1965,perryji01,2.446,0.6073891097692743,2.5010000000000003,0.49999999999999994
1965,worthal01,2.446,0.6073891097692743,2.5010000000000003,0.49999999999999994
1966,drabomo01,2.753,0.6425745280030742,1.8780000000000001,0.5
1966,drysddo01,2.753,0.6425745280030742,1.8780000000000001,0.5
1966,koufasa01,2.753,0.6425745280030742,1.8780000000000001,0.5
1966,mcnalda01,2.753,0.6425745280030742,1.8780000000000001,0.5
1966,millebo04,2.753,0.6425745280030742,1.8780000000000001,0.5
1966,moelljo01,2.753,0.6425745280030742,1.8780000000000001,0.5
1966,osteecl01,2.753,0.6425745280030742,1.8780000000000001,0.5
1966,palmeji01,2.753,0.6425745280030742,1.8780000000000001,0.5
1966,perraro01,2.753,0.6425745280030742,1.8780000000000001,0.5
1966,reganph01,2.753,0.6425745280030742,1.8780000000000001,0.5
1967,brilene01,2.7060000000000004,0.5979516197297865,3.25625,0.5
1967,carltst01,2.7060000000000004,0.5979516197297865,3.25625,0.5
1967,gibsobo01,2.7060000000000004,0.5979516197297865,3.25625,0.5
1967,hoernjo01,2.7060000000000004,0.5979516197297865,3.25625,0.5
1967,hughedi01,2.7060000000000004,0.5979516197297865,3.25625,0.5
1967,lamabja01,2.7060000000000004,0.5979516197297865,3.25625,0.5
1967,osinsda01,2.7060000000000004,0.5979516197297865,3.25625,0.5
1967,stangle01,2.7060000000000004,0.5979516197297865,3.25625,0.5
1967,williro01,2.7060000000000004,0.5979516197297865,3.25625,0.5
1967,wyattjo02,2.7060000000000004,0.5979516197297865,3.25625,0.5
1968,brilene01,2.1069999999999998,0.6418494278171698,4.706250000000001,0.3
1968,dobsopa01,2.1069999999999998,0.6418494278171698,4.706250000000001,0.3
1968,gibsobo01,2.1069999999999998,0.6418494278171698,4.706250000000001,0.3
1968,grangwa01,2.1069999999999998,0.6418494278171698,4.706250000000001,0.3
1968,hillejo01,2.1069999999999998,0.6418494278171698,4.706250000000001,0.3
1968,hoernjo01,2.1069999999999998,0.6418494278171698,4.706250000000001,0.3
1968,mclaide01,2.1069999999999998,0.6418494278171698,4.706250000000001,0.3
1968,mcmahdo02,2.1069999999999998,0.6418494278171698,4.706250000000001,0.3
1968,patteda02,2.1069999999999998,0.6418494278171698,4.706250000000001,0.3
1968,washbra01,2.1069999999999998,0.6418494278171698,4.706250000000001,0.3
1969,cuellmi01,2.141,0.7200186017542829,2.078888888888889,0.5238095238095238
1969,doylepa01,2.141,0.7200186017542829,2.078888888888889,0.5238095238095238
1969,halldi01,2.141,0.7200186017542829,2.078888888888889,0.5238095238095238
1969,koosmje01,2.141,0.7200186017542829,2.078888888888889,0.5238095238095238
1969,mcgratu01,2.141,0.7200186017542829,2.078888888888889,0.5238095238095238
1969,palmeji01,2.141,0.7200186017542829,2.078888888888889,0.5238095238095238
1969,perraro01,2.141,0.7200186017542829,2.078888888888889,0.5238095238095238
1969,richepe01,2.141,0.7200186017542829,2.078888888888889,0.5238095238095238
1969,seaveto01,2.141,0.7200186017542829,2.078888888888889,0.5238095238095238
1969,watted01,2.141,0.7200186017542829,2.078888888888889,0.5238095238095238
1970,carrocl02,2.384,0.6669308795779385,5.089,0.625
1970,grangwa01,2.384,0.6669308795779385,5.089,0.625
1970,gulledo01,2.384,0.6669308795779385,5.089,0.625
1970,hallto01,2.384,0.6669308795779385,5.089,0.625
1970,lopezma01,2.384,0.6669308795779385,5.089,0.625
1970,palmeji01,2.384,0.6669308795779385,5.089,0.625
1970,perraro01,2.384,0.6669308795779385,5.089,0.625
1970,richepe01,2.384,0.6669308795779385,5.089,0.625
1970,wilcomi01,2.384,0.6669308795779385,5.089,0.625
1970,willist02,2.384,0.6669308795779385,5.089,0.625
1971,blassst01,2.378,0.6732061075689262,3.146,0.41666666666666663
1971,bluevi01,2.378,0.6732061075689262,3.146,0.41666666666666663
1971,grantmu01,2.378,0.6732061075689262,3.146,0.41666666666666663
1971,leonhda01,2.378,0.6732061075689262,3.146,0.41666666666666663
1971,lockebo02,2.378,0.6732061075689262,3.146,0.41666666666666663
1971,mcnalda01,2.378,0.6732061075689262,3.146,0.41666666666666663
1971,millebo04,2.378,0.6732061075689262,3.146,0.41666666666666663
1971,palmeji01,2.378,0.6732061075689262,3.146,0.41666666666666663
1971,perryga01,2.378,0.6732061075689262,3.146,0.41666666666666663
1971,watted01,2.378,0.6732061075689262,3.146,0.41666666666666663
1972,blassst01,1.9190000000000005,0.6042631442631443,1.985,0.4761904761904762
1972,carrocl02,1.9190000000000005,0.6042631442631443,1.985,0.4761904761904762
1972,frymawo01,1.9190000000000005,0.6042631442631443,1.985,0.4761904761904762
1972,giustda01,1.9190000000000005,0.6042631442631443,1.985,0.4761904761904762
1972,hernara01,1.9190000000000005,0.6042631442631443,1.985,0.4761904761904762
1972,hillejo01,1.9190000000000005,0.6042631442631443,1.985,0.4761904761904762
1972,hunteca01,1.9190000000000005,0.6042631442631443,1.985,0.4761904761904762
1972,lagrole01,1.9190000000000005,0.6042631442631443,1.985,0.4761904761904762
1972,nolanga01,1.9190000000000005,0.6042631442631443,1.985,0.4761904761904762
1972,zachach02,1.9190000000000005,0.6042631442631443,1.985,0.4761904761904762
1973,borbope01,2.3779999999999997,0.6715255512661127,1.6010000000000002,0.7261904761904762
1973,fingero01,2.3779999999999997,0.6715255512661127,1.6010000000000002,0.7261904761904762
1973,holtzke01,2.3779999999999997,0.6715255512661127,1.6010000000000002,0.7261904761904762
1973,jacksgr01,2.3779999999999997,0.6715255512661127,1.6010000000000002,0.7261904761904762
1973,koosmje01,2.3779999999999997,0.6715255512661127,1.6010000000000002,0.7261904761904762
1973,palmeji01,2.3779999999999997,0.6715255512661127,1.6010000000000002,0.7261904761904762
1973,pinaho01,2.3779999999999997,0.6715255512661127,1.6010000000000002,0.7261904761904762
1973,reynobo01,2.3779999999999997,0.6715255512661127,1.6010000000000002,0.7261904761904762
1973,seaveto01,2.3779999999999997,0.6715255512661127,1.6010000000000002,0.7261904761904762
1973,stonege02,2.3779999999999997,0.6715255512661127,1.6010000000000002,0.7261904761904762
1974,breweji01,2.4099999999999997,0.6156597989931324,0.9400000000000001,0.5
1974,fingero01,2.4099999999999997,0.6156597989931324,0.9400000000000001,0.5
1974,hernara01,2.4099999999999997,0.6156597989931324,0.9400000000000001,0.5
1974,hunteca01,2.4099999999999997,0.6156597989931324,0.9400000000000001,0.5
1974,jacksgr01,2.4099999999999997,0.6156597989931324,0.9400000000000001,0.5
1974,marshmi01,2.4099999999999997,0.6156597989931324,0.9400000000000001,0.5
1974,messean01,2.4099999999999997,0.6156597989931324,0.9400000000000001,0.5
1974,pizarju01,2.4099999999999997,0.6156597989931324,0.9400000000000001,0.5
1974,reynobo01,2.4099999999999997,0.6156597989931324,0.9400000000000001,0.5
1974,solomed01,2.4099999999999997,0.6156597989931324,0.9400000000000001,0.5
1975,burtoji01,2.5559999999999996,0.6198150352369953,4.581,0.5333333333333333
1975,candejo01,2.5559999999999996,0.6198150352369953,4.581,0.5333333333333333
1975,carrocl02,2.5559999999999996,0.6198150352369953,4.581,0.5333333333333333
1975,eastwra01,2.5559999999999996,0.6198150352369953,4.581,0.5333333333333333
1975,gulledo01,2.5559999999999996,0.6198150352369953,4.581,0.5333333333333333
1975,lindbpa01,2.5559999999999996,0.6198150352369953,4.581,0.5333333333333333
1975,mcenawi01,2.5559999999999996,0.6198150352369953,4.581,0.5333333333333333
1975,reussje01,2.5559999999999996,0.6198150352369953,4.581,0.5333333333333333
1975,tekulke01,2.5559999999999996,0.6198150352369953,4.581,0.5333333333333333
1975,toddji01,2.5559999999999996,0.6198150352369953,4.581,0.5333333333333333
1976,eastwra01,2.225,0.6589597902097901,9.163499999999999,0.3333333333333333
1976,gurala01,2.225,0.6589597902097901,9.163499999999999,0.3333333333333333
1976,jacksgr01,2.225,0.6589597902097901,9.163499999999999,0.3333333333333333
1976,littema01,2.225,0.6589597902097901,9.163499999999999,0.3333333333333333
1976,lylesp01,2.225,0.6589597902097901,9.163499999999999,0.3333333333333333
1976,mcgratu01,2.225,0.6589597902097901,9.163499999999999,0.3333333333333333
1976,mingost01,2.225,0.6589597902097901,9.163499999999999,0.3333333333333333
1976,pattima01,2.225,0.6589597902097901,9.163499999999999,0.3333333333333333
1976,reedro01,2.225,0.6589597902097901,9.163499999999999,0.3333333333333333
1976,sarmima01,2.225,0.6589597902097901,9.163499999999999,0.3333333333333333
1977,brusswa01,2.5290000000000004,0.6424051289840763,4.109499999999999,0.4166666666666667
1977,carltst01,2.5290000000000004,0.6424051289840763,4.109499999999999,0.4166666666666667
1977,garbege01,2.5290000000000004,0.6424051289840763,4.109499999999999,0.4166666666666667
1977,garmami01,2.5290000000000004,0.6424051289840763,4.109499999999999,0.4166666666666667
1977,hootobu01,2.5290000000000004,0.6424051289840763,4.109499999999999,0.4166666666666667
1977,johnto01,2.5290000000000004,0.6424051289840763,4.109499999999999,0.4166666666666667
1977,lylesp01,2.5290000000000004,0.6424051289840763,4.109499999999999,0.4166666666666667
1977,mcgratu01,2.5290000000000004,0.6424051289840763,4.109499999999999,0.4166666666666667
1977,reedro01,2.5290000000000004,0.6424051289840763,4.109499999999999,0.4166666666666667
1977,sosael01,2.5290000000000004,0.6424051289840763,4.109499999999999,0.4166666666666667
1978,brusswa01,2.328,0.5863101457929044,3.101,0.8571428571428571
1978,carltst01,2.328,0.5863101457929044,3.101,0.8571428571428571
1978,forstte01,2.328,0.5863101457929044,3.101,0.8571428571428571
1978,gossari01,2.328,0.5863101457929044,3.101,0.8571428571428571
1978,guidrro01,2.328,0.5863101457929044,3.101,0.8571428571428571
1978,gurala01,2.328,0.5863101457929044,3.101,0.8571428571428571
1978,hootobu01,2.328,0.5863101457929044,3.101,0.8571428571428571
1978,mingost01,2.328,0.5863101457929044,3.101,0.8571428571428571
1978,reedro01,2.328,0.5863101457929044,3.101,0.8571428571428571
1978,welchbo01,2.328,0.5863101457929044,3.101,0.8571428571428571
1979,bibbyji01,2.433,0.6481281551456991,3.5665,0.4666666666666666
1979,humeto01,2.433,0.6481281551456991,3.5665,0.4666666666666666
1979,jacksgr01,2.433,0.6481281551456991,3.5665,0.4666666666666666
1979,leibrch01,2.433,0.6481281551456991,3.5665,0.4666666666666666
1979,martiti01,2.433,0.6481281551456991,3.5665,0.4666666666666666
1979,romoen01,2.433,0.6481281551456991,3.5665,0.4666666666666666
1979,stanhdo01,2.433,0.6481281551456991,3.5665,0.4666666666666666
1979,stoddti01,2.433,0.6481281551456991,3.5665,0.4666666666666666
1979,tekulke01,2.433,0.6481281551456991,3.5665,0.4666666666666666
1979,tomlida01,2.433,0.6481281551456991,3.5665,0.4666666666666666
1980,bystrma01,2.229,0.7041070041070042,8.378,0.47916666666666663
1980,carltst01,2.229,0.7041070041070042,8.378,0.47916666666666663
1980,gossari01,2.229,0.7041070041070042,8.378,0.47916666666666663
1980,gurala01,2.229,0.7041070041070042,8.378,0.47916666666666663
1980,lacorfr01,2.229,0.7041070041070042,8.378,0.47916666666666663
1980,mayru01,2.229,0.7041070041070042,8.378,0.47916666666666663
1980,mcgratu01,2.229,0.7041070041070042,8.378,0.47916666666666663
1980,ruhleve01,2.229,0.7041070041070042,8.378,0.47916666666666663
1980,sambijo01,2.229,0.7041070041070042,8.378,0.47916666666666663
1980,smithda02,2.229,0.7041070041070042,8.378,0.47916666666666663
1981,fingero01,1.611,0.5588690476190477,7.659833333333333,0.5357142857142857
1981,frazige01,1.611,0.5588690476190477,7.659833333333333,0.5357142857142857
1981,frymawo01,1.611,0.5588690476190477,7.659833333333333,0.5357142857142857
1981,gossari01,1.611,0.5588690476190477,7.659833333333333,0.5357142857142857
1981,kneppbo01,1.611,0.5588690476190477,7.659833333333333,0.5357142857142857
1981,quiseda01,1.611,0.5588690476190477,7.659833333333333,0.5357142857142857
1981,reardje01,1.611,0.5588690476190477,7.659833333333333,0.5357142857142857
1981,righeda01,1.611,0.5588690476190477,7.659833333333333,0.5357142857142857
1981,ryanno01,1.611,0.5588690476190477,7.659833333333333,0.5357142857142857
1981,sambijo01,1.611,0.5588690476190477,7.659833333333333,0.5357142857142857
1982,andujjo01,2.819,0.5864981750275868,4.981,0.5
1982,bairdo01,2.819,0.5864981750275868,4.981,0.5
1982,bedrost01,2.819,0.5864981750275868,4.981,0.5
1982,garbege01,2.819,0.5864981750275868,4.981,0.5
1982,hasslan01,2.819,0.5864981750275868,4.981,0.5
1982,kisonbr01,2.819,0.5864981750275868,4.981,0.5
1982,perezpa01,2.819,0.5864981750275868,4.981,0.5
1982,sanchlu01,2.819,0.5864981750275868,4.981,0.5
1982,slatoji01,2.819,0.5864981750275868,4.981,0.5
1982,suttebr01,2.819,0.5864981750275868,4.981,0.5
1983,anderla02,2.44,0.7054733044733045,3.9230000000000005,0.5833333333333333
1983,barojsa01,2.44,0.7054733044733045,3.9230000000000005,0.5833333333333333
1983,boddimi01,2.44,0.7054733044733045,3.9230000000000005,0.5833333333333333
1983,dennyjo01,2.44,0.7054733044733045,3.9230000000000005,0.5833333333333333
1983,hollaal01,2.44,0.7054733044733045,3.9230000000000005,0.5833333333333333
1983,martiti01,2.44,0.7054733044733045,3.9230000000000005,0.5833333333333333
1983,niedeto01,2.44,0.7054733044733045,3.9230000000000005,0.5833333333333333
1983,penaal01,2.44,0.7054733044733045,3.9230000000000005,0.5833333333333333
1983,welchbo01,2.44,0.7054733044733045,3.9230000000000005,0.5833333333333333
1983,zachrpa01,2.44,0.7054733044733045,3.9230000000000005,0.5833333333333333
1984,draveda01,2.5709999999999997,0.7152947542653425,4.607,0.5
1984,gossari01,2.5709999999999997,0.7152947542653425,4.607,0.5
1984,harrigr01,2.5709999999999997,0.7152947542653425,4.607,0.5
1984,hernawi01,2.5709999999999997,0.7152947542653425,4.607,0.5
1984,leffecr01,2.5709999999999997,0.7152947542653425,4.607,0.5
1984,lopezau01,2.5709999999999997,0.7152947542653425,4.607,0.5
1984,quiseda01,2.5709999999999997,0.7152947542653425,4.607,0.5
1984,scherbi01,2.5709999999999997,0.7152947542653425,4.607,0.5
1984,sutclri01,2.5709999999999997,0.7152947542653425,4.607,0.5
1984,thurmma01,2.5709999999999997,0.7152947542653425,4.607,0.5
1985,diazca01,2.274,0.6519086990689426,3.8554999999999993,0.6499999999999999
1985,henketo01,2.274,0.6519086990689426,3.8554999999999993,0.6499999999999999
1985,hershor01,2.274,0.6519086990689426,3.8554999999999993,0.6499999999999999
1985,lahtije01,2.274,0.6519086990689426,3.8554999999999993,0.6499999999999999
1985,leibrch01,2.274,0.6519086990689426,3.8554999999999993,0.6499999999999999
1985,quiseda01,2.274,0.6519086990689426,3.8554999999999993,0.6499999999999999
1985,stiebda01,2.274,0.6519086990689426,3.8554999999999993,0.6499999999999999
1985,tudorjo01,2.274,0.6519086990689426,3.8554999999999993,0.6499999999999999
1985,valenfe01,2.274,0.6519086990689426,3.8554999999999993,0.6499999999999999
1985,welchbo01,2.274,0.6519086990689426,3.8554999999999993,0.6499999999999999
1986,anderla02,2.457,0.6944779857823337,3.2245,0.5
1986,candejo01,2.457,0.6944779857823337,3.2245,0.5
1986,clemero02,2.457,0.6944779857823337,3.2245,0.5
1986,darliro01,2.457,0.6944779857823337,3.2245,0.5
1986,kerfech01,2.457,0.6944779857823337,3.2245,0.5
1986,ojedabo01,2.457,0.6944779857823337,3.2245,0.5
1986,oroscje01,2.457,0.6944779857823337,3.2245,0.5
1986,schirca01,2.457,0.6944779857823337,3.2245,0.5
1986,scottmi03,2.457,0.6944779857823337,3.2245,0.5
1986,smithda02,2.457,0.6944779857823337,3.2245,0.5
1987,alexado01,2.7689999999999997,0.6657407407407406,4.4285000000000005,0.5416666666666666
1987,dayleke01,2.7689999999999997,0.6657407407407406,4.4285000000000005,0.5416666666666666
1987,draveda01,2.7689999999999997,0.6657407407407406,4.4285000000000005,0.5416666666666666
1987,garresc01,2.7689999999999997,0.6657407407407406,4.4285000000000005,0.5416666666666666
1987,hennemi01,2.7689999999999997,0.6657407407407406,4.4285000000000005,0.5416666666666666
1987,leffecr01,2.7689999999999997,0.6657407407407406,4.4285000000000005,0.5416666666666666
1987,pricejo02,2.7689999999999997,0.6657407407407406,4.4285000000000005,0.5416666666666666
1987,robindo01,2.7689999999999997,0.6657407407407406,4.4285000000000005,0.5416666666666666
1987,violafr01,2.7689999999999997,0.6657407407407406,4.4285000000000005,0.5416666666666666
1987,worreto01,2.7689999999999997,0.6657407407407406,4.4285000000000005,0.5416666666666666
1988,coneda01,2.1819999999999995,0.661391217867375,3.7435,0.4523809523809524
1988,eckerde01,2.1819999999999995,0.661391217867375,3.7435,0.4523809523809524
1988,hershor01,2.1819999999999995,0.661391217867375,3.7435,0.4523809523809524
1988,holtobr01,2.1819999999999995,0.661391217867375,3.7435,0.4523809523809524
1988,howelja01,2.1819999999999995,0.661391217867375,3.7435,0.4523809523809524
1988,leachte01,2.1819999999999995,0.661391217867375,3.7435,0.4523809523809524
1988,mcdowro01,2.1819999999999995,0.661391217867375,3.7435,0.4523809523809524
1988,myersra01,2.1819999999999995,0.661391217867375,3.7435,0.4523809523809524
1988,penaal01,2.1819999999999995,0.661391217867375,3.7435,0.4523809523809524
1988,tudorjo01,2.1819999999999995,0.661391217867375,3.7435,0.4523809523809524
1989,ackerji01,2.0959999999999996,0.6312599681020734,3.779,0.611111111111111
1989,bedrost01,2.0959999999999996,0.6312599681020734,3.779,0.611111111111111
1989,burnsto02,2.0959999999999996,0.6312599681020734,3.779,0.611111111111111
1989,eckerde01,2.0959999999999996,0.6312599681020734,3.779,0.611111111111111
1989,garresc01,2.0959999999999996,0.6312599681020734,3.779,0.611111111111111
1989,henketo01,2.0959999999999996,0.6312599681020734,3.779,0.611111111111111
1989,honeyri01,2.0959999999999996,0.6312599681020734,3.779,0.611111111111111
1989,lancale01,2.0959999999999996,0.6312599681020734,3.779,0.611111111111111
1989,mooremi01,2.0959999999999996,0.6312599681020734,3.779,0.611111111111111
1989,wellsda01,2.0959999999999996,0.6312599681020734,3.779,0.611111111111111
1990,anderla02,1.719,0.6485479797979797,2.3155555555555556,0.25
1990,clemero02,1.719,0.6485479797979797,2.3155555555555556,0.25
1990,dibblro01,1.719,0.6485479797979797,2.3155555555555556,0.25
1990,eckerde01,1.719,0.6485479797979797,2.3155555555555556,0.25
1990,klinkjo01,1.719,0.6485479797979797,2.3155555555555556,0.25
1990,landrbi01,1.719,0.6485479797979797,2.3155555555555556,0.25
1990,myersra01,1.719,0.6485479797979797,2.3155555555555556,0.25
1990,nelsoge01,1.719,0.6485479797979797,2.3155555555555556,0.25
1990,smithza01,1.719,0.6485479797979797,2.3155555555555556,0.25
1990,stewada01,1.719,0.6485479797979797,2.3155555555555556,0.25
1991,aguilri01,2.531,0.5441878462039752,3.9539999999999997,0.25
1991,candito01,2.531,0.5441878462039752,3.9539999999999997,0.25
1991,glavito02,2.531,0.5441878462039752,3.9539999999999997,0.25
1991,henketo01,2.531,0.5441878462039752,3.9539999999999997,0.25
1991,macdobo01,2.531,0.5441878462039752,3.9539999999999997,0.25
1991,merckke01,2.531,0.5441878462039752,3.9539999999999997,0.25
1991,penaal01,2.531,0.5441878462039752,3.9539999999999997,0.25
1991,stantmi02,2.531,0.5441878462039752,3.9539999999999997,0.25
1991,warddu01,2.531,0.5441878462039752,3.9539999999999997,0.25
1991,willica01,2.531,0.5441878462039752,3.9539999999999997,0.25
1992,coneda01,1.8,0.7571681096681095,3.3940000000000006,0.8
1992,corsiji01,1.8,0.7571681096681095,3.3940000000000006,0.8
1992,eckerde01,1.8,0.7571681096681095,3.3940000000000006,0.8
1992,henketo01,1.8,0.7571681096681095,3.3940000000000006,0.8
1992,reardje01,1.8,0.7571681096681095,3.3940000000000006,0.8
1992,russeje01,1.8,0.7571681096681095,3.3940000000000006,0.8
1992,smithpe02,1.8,0.7571681096681095,3.3940000000000006,0.8
1992,wakefti01,1.8,0.7571681096681095,3.3940000000000006,0.8
1992,warddu01,1.8,0.7571681096681095,3.3940000000000006,0.8
1992,wohlema01,1.8,0.7571681096681095,3.3940000000000006,0.8
1993,anderla02,2.494,0.5939153439153438,5.618,0.5
1993,averyst01,2.494,0.5939153439153438,5.618,0.5
1993,deleojo01,2.494,0.5939153439153438,5.618,0.5
1993,eichhma01,2.494,0.5939153439153438,5.618,0.5
1993,hernaro01,2.494,0.5939153439153438,5.618,0.5
1993,maddugr01,2.494,0.5939153439153438,5.618,0.5
1993,mcmicgr01,2.494,0.5939153439153438,5.618,0.5
1993,merckke01,2.494,0.5939153439153438,5.618,0.5
1993,warddu01,2.494,0.5939153439153438,5.618,0.5
1993,westda01,2.494,0.5939153439153438,5.618,0.5
1995,charlno01,2.0100000000000002,0.7276190476190476,3.1083333333333334,0.4895833333333333
1995,jacksmi02,2.0100000000000002,0.7276190476190476,3.1083333333333334,0.4895833333333333
1995,johnsra05,2.0100000000000002,0.7276190476190476,3.1083333333333334,0.4895833333333333
1995,maddugr01,2.0100000000000002,0.7276190476190476,3.1083333333333334,0.4895833333333333
1995,mesajo01,2.0100000000000002,0.7276190476190476,3.1083333333333334,0.4895833333333333
1995,nelsoje01,2.0100000000000002,0.7276190476190476,3.1083333333333334,0.4895833333333333
1995,reedst01,2.0100000000000002,0.7276190476190476,3.1083333333333334,0.4895833333333333
1995,ruffibr01,2.0100000000000002,0.7276190476190476,3.1083333333333334,0.4895833333333333
1995,tavarju01,2.0100000000000002,0.7276190476190476,3.1083333333333334,0.4895833333333333
1995,wohlema01,2.0100000000000002,0.7276190476190476,3.1083333333333334,0.4895833333333333
1996,bielemi01,2.222,0.5668683168683168,2.1569999999999996,0.4
1996,fossato01,2.222,0.5668683168683168,2.1569999999999996,0.4
1996,guthrma01,2.222,0.5668683168683168,2.1569999999999996,0.4
1996,hoffmtr01,2.222,0.5668683168683168,2.1569999999999996,0.4
1996,maddugr01,2.222,0.5668683168683168,2.1569999999999996,0.4
1996,patteda04,2.222,0.5668683168683168,2.1569999999999996,0.4
1996,plunker01,2.222,0.5668683168683168,2.1569999999999996,0.4
1996,radinsc01,2.222,0.5668683168683168,2.1569999999999996,0.4
1996,riverma01,2.222,0.5668683168683168,2.1569999999999996,0.4
1996,verasda01,2.222,0.5668683168683168,2.1569999999999996,0.4
1997,benitar01,2.1789999999999994,0.5978864734299517,2.958666666666667,0.26666666666666666
1997,cathemi01,2.1789999999999994,0.5978864734299517,2.958666666666667,0.26666666666666666
1997,johnsra05,2.1789999999999994,0.5978864734299517,2.958666666666667,0.26666666666666666
1997,maddugr01,2.1789999999999994,0.5978864734299517,2.958666666666667,0.26666666666666666
1997,magnami01,2.1789999999999994,0.5978864734299517,2.958666666666667,0.26666666666666666
1997,martito02,2.1789999999999994,0.5978864734299517,2.958666666666667,0.26666666666666666
1997,mesajo01,2.1789999999999994,0.5978864734299517,2.958666666666667,0.26666666666666666
1997,myersra01,2.1789999999999994,0.5978864734299517,2.958666666666667,0.26666666666666666
1997,oroscje01,2.1789999999999994,0.5978864734299517,2.958666666666667,0.26666666666666666
1997,riverma01,2.1789999999999994,0.5978864734299517,2.958666666666667,0.26666666666666666
1998,brownke01,1.903,0.6962424242424243,2.476833333333333,0.5
1998,hoffmtr01,1.903,0.6962424242424243,2.476833333333333,0.5
1998,jacksmi02,1.903,0.6962424242424243,2.476833333333333,0.5
1998,johnsra05,1.903,0.6962424242424243,2.476833333333333,0.5
1998,lloydgr01,1.903,0.6962424242424243,2.476833333333333,0.5
1998,maddugr01,1.903,0.6962424242424243,2.476833333333333,0.5
1998,powelja04,1.903,0.6962424242424243,2.476833333333333,0.5
1998,riverma01,1.903,0.6962424242424243,2.476833333333333,0.5
1998,rockejo01,1.903,0.6962424242424243,2.476833333333333,0.5
1998,wettejo01,1.903,0.6962424242424243,2.476833333333333,0.5
1999,beckro01,1.9780000000000002,0.7287133237133238,2.943833333333333,0.6
1999,benitar01,1.9780000000000002,0.7287133237133238,2.943833333333333,0.6
1999,cabrejo01,1.9780000000000002,0.7287133237133238,2.943833333333333,0.6
1999,garceri01,1.9780000000000002,0.7287133237133238,2.943833333333333,0.6
1999,martipe02,1.9780000000000002,0.7287133237133238,2.943833333333333,0.6
1999,remlimi01,1.9780000000000002,0.7287133237133238,2.943833333333333,0.6
1999,riverma01,1.9780000000000002,0.7287133237133238,2.943833333333333,0.6
1999,wagnebi02,1.9780000000000002,0.7287133237133238,2.943833333333333,0.6
1999,watsoal01,1.9780000000000002,0.7287133237133238,2.943833333333333,0.6
1999,zimmeje02,1.9780000000000002,0.7287133237133238,2.943833333333333,0.6
2000,benitar01,2.467,0.6416125541125541,1.9443333333333332,0.75
2000,bradfch01,2.467,0.6416125541125541,1.9443333333333332,0.75
2000,henrydo01,2.467,0.6416125541125541,1.9443333333333332,0.75
2000,mecirji01,2.467,0.6416125541125541,1.9443333333333332,0.75
2000,nelsoje01,2.467,0.6416125541125541,1.9443333333333332,0.75
2000,nenro01,2.467,0.6416125541125541,1.9443333333333332,0.75
2000,rodrife01,2.467,0.6416125541125541,1.9443333333333332,0.75
2000,tamje01,2.467,0.6416125541125541,1.9443333333333332,0.75
2000,veresda01,2.467,0.6416125541125541,1.9443333333333332,0.75
2000,zitoba01,2.467,0.6416125541125541,1.9443333333333332,0.75
2001,baezda01,2.211,0.762008547008547,2.5593333333333335,0.7
2001,johnsra05,2.211,0.762008547008547,2.5593333333333335,0.7
2001,klinest02,2.211,0.762008547008547,2.5593333333333335,0.7
2001,pineijo01,2.211,0.762008547008547,2.5593333333333335,0.7
2001,rhodear01,2.211,0.762008547008547,2.5593333333333335,0.7
2001,riskeda01,2.211,0.762008547008547,2.5593333333333335,0.7
2001,riverma01,2.211,0.762008547008547,2.5593333333333335,0.7
2001,stantmi02,2.211,0.762008547008547,2.5593333333333335,0.7
2001,wickmbo01,2.211,0.762008547008547,2.5593333333333335,0.7
2001,williwo02,2.211,0.762008547008547,2.5593333333333335,0.7
2002,bowiemi01,1.435,0.7932449494949495,3.4703333333333335,0.2777777777777778
2002,crudami01,1.435,0.7932449494949495,3.4703333333333335,0.2777777777777778
2002,eyresc01,1.435,0.7932449494949495,3.4703333333333335,0.2777777777777778
2002,hammoch01,1.435,0.7932449494949495,3.4703333333333335,0.2777777777777778
2002,holmeda01,1.435,0.7932449494949495,3.4703333333333335,0.2777777777777778
2002,percitr01,1.435,0.7932449494949495,3.4703333333333335,0.2777777777777778
2002,remlimi01,1.435,0.7932449494949495,3.4703333333333335,0.2777777777777778
2002,rodrifr03,1.435,0.7932449494949495,3.4703333333333335,0.2777777777777778
2002,romerjc01,1.435,0.7932449494949495,3.4703333333333335,0.2777777777777778
2002,whiteri01,1.435,0.7932449494949495,3.4703333333333335,0.2777777777777778
2003,arroybr01,1.5020000000000002,0.6705357142857143,3.7586666666666675,0.8
2003,foulkke01,1.5020000000000002,0.6705357142857143,3.7586666666666675,0.8
2003,hawkila01,1.5020000000000002,0.6705357142857143,3.7586666666666675,0.8
2003,helliri01,1.5020000000000002,0.6705357142857143,3.7586666666666675,0.8
2003,heredfe01,1.5020000000000002,0.6705357142857143,3.7586666666666675,0.8
2003,merckke01,1.5020000000000002,0.6705357142857143,3.7586666666666675,0.8
2003,riverma01,1.5020000000000002,0.6705357142857143,3.7586666666666675,0.8
2003,smoltjo01,1.5020000000000002,0.6705357142857143,3.7586666666666675,0.8
2003,urbinug01,1.5020000000000002,0.6705357142857143,3.7586666666666675,0.8
2003,wrighja02,1.5020000000000002,0.6705357142857143,3.7586666666666675,0.8
2004,carragi01,1.8360000000000003,0.6538600288600289,1.8744999999999998,0.6
2004,crainje01,1.8360000000000003,0.6538600288600289,1.8744999999999998,0.6
2004,foulkke01,1.8360000000000003,0.6538600288600289,1.8744999999999998,0.6
2004,gagneer01,1.8360000000000003,0.6538600288600289,1.8744999999999998,0.6
2004,klinest02,1.8360000000000003,0.6538600288600289,1.8744999999999998,0.6
2004,lidgebr01,1.8360000000000003,0.6538600288600289,1.8744999999999998,0.6
2004,nathajo01,1.8360000000000003,0.6538600288600289,1.8744999999999998,0.6
2004,reyesal01,1.8360000000000003,0.6538600288600289,1.8744999999999998,0.6
2004,riverma01,1.8360000000000003,0.6538600288600289,1.8744999999999998,0.6
2004,rodrifr03,1.8360000000000003,0.6538600288600289,1.8744999999999998,0.6
2005,clemero02,1.9070000000000005,0.6873296456629789,5.366333333333333,0.8888888888888888
2005,cottsne01,1.9070000000000005,0.6873296456629789,5.366333333333333,0.8888888888888888
2005,eldreca01,1.9070000000000005,0.6873296456629789,5.366333333333333,0.8888888888888888
2005,farnsky01,1.9070000000000005,0.6873296456629789,5.366333333333333,0.8888888888888888
2005,henslcl01,1.9070000000000005,0.6873296456629789,5.366333333333333,0.8888888888888888
2005,hermadu01,1.9070000000000005,0.6873296456629789,5.366333333333333,0.8888888888888888
2005,isrinja01,1.9070000000000005,0.6873296456629789,5.366333333333333,0.8888888888888888
2005,linebsc01,1.9070000000000005,0.6873296456629789,5.366333333333333,0.8888888888888888
2005,politcl01,1.9070000000000005,0.6873296456629789,5.366333333333333,0.8888888888888888
2005,riverma01,1.9070000000000005,0.6873296456629789,5.366333333333333,0.8888888888888888
2006,brunebr01,1.49,0.7808641975308643,2.3329999999999997,0.6666666666666666
2006,felicpe01,1.49,0.7808641975308643,2.3329999999999997,0.6666666666666666
2006,meredcl01,1.49,0.7808641975308643,2.3329999999999997,0.6666666666666666
2006,motagu01,1.49,0.7808641975308643,2.3329999999999997,0.6666666666666666
2006,nathajo01,1.49,0.7808641975308643,2.3329999999999997,0.6666666666666666
2006,perkigl01,1.49,0.7808641975308643,2.3329999999999997,0.6666666666666666
2006,reyesde01,1.49,0.7808641975308643,2.3329999999999997,0.6666666666666666
2006,riverma01,1.49,0.7808641975308643,2.3329999999999997,0.6666666666666666
2006,saitota01,1.49,0.7808641975308643,2.3329999999999997,0.6666666666666666
2006,zumayjo01,1.49,0.7808641975308643,2.3329999999999997,0.6666666666666666
2007,betanra01,1.525,0.59375,7.442333333333333,0.6
2007,chambjo03,1.525,0.59375,7.442333333333333,0.6
2007,corpama01,1.525,0.59375,7.442333333333333,0.6
2007,delcama01,1.525,0.59375,7.442333333333333,0.6
2007,hartke01,1.525,0.59375,7.442333333333333,0.6
2007,lewisje01,1.525,0.59375,7.442333333333333,0.6
2007,marmoca01,1.525,0.59375,7.442333333333333,0.6
2007,papeljo01,1.525,0.59375,7.442333333333333,0.6
2007,perezra01,1.525,0.59375,7.442333333333333,0.6
2007,romerjc01,1.525,0.59375,7.442333333333333,0.6
2008,arredjo01,1.5639999999999996,0.8946886446886447,3.228,0.25
2008,balfogr01,1.5639999999999996,0.8946886446886447,3.228,0.25
2008,bradfch01,1.5639999999999996,0.8946886446886447,3.228,0.25
2008,eyresc01,1.5639999999999996,0.8946886446886447,3.228,0.25
2008,gallayo01,1.5639999999999996,0.8946886446886447,3.228,0.25
2008,harderi01,1.5639999999999996,0.8946886446886447,3.228,0.25
2008,lidgebr01,1.5639999999999996,0.8946886446886447,3.228,0.25
2008,mcdonja03,1.5639999999999996,0.8946886446886447,3.228,0.25
2008,priceda01,1.5639999999999996,0.8946886446886447,3.228,0.25
2008,sabatcc01,1.5639999999999996,0.8946886446886447,3.228,0.25
2009,betanra01,1.6479999999999997,0.6821428571428572,6.4825,0.25
2009,contrjo01,1.6479999999999997,0.6821428571428572,6.4825,0.25
2009,eyresc01,1.6479999999999997,0.6821428571428572,6.4825,0.25
2009,frankry01,1.6479999999999997,0.6821428571428572,6.4825,0.25
2009,kazmisc01,1.6479999999999997,0.6821428571428572,6.4825,0.25
2009,papeljo01,1.6479999999999997,0.6821428571428572,6.4825,0.25
2009,rauchjo01,1.6479999999999997,0.6821428571428572,6.4825,0.25
2009,riverma01,1.6479999999999997,0.6821428571428572,6.4825,0.25
2009,sherrge01,1.6479999999999997,0.6821428571428572,6.4825,0.25
2009,wagnebi02,1.6479999999999997,0.6821428571428572,6.4825,0.25
2010,benoijo01,1.067,0.8138888888888888,3.9523333333333333,0.5
2010,fuentbr01,1.067,0.8138888888888888,3.9523333333333333,0.5
2010,kimbrcr01,1.067,0.8138888888888888,3.9523333333333333,0.5
2010,kirkmmi01,1.067,0.8138888888888888,3.9523333333333333,0.5
2010,lopezja02,1.067,0.8138888888888888,3.9523333333333333,0.5
2010,ogandal01,1.067,0.8138888888888888,3.9523333333333333,0.5
2010,ramirra02,1.067,0.8138888888888888,3.9523333333333333,0.5
2010,soriara01,1.067,0.8138888888888888,3.9523333333333333,0.5
2010,wagnebi02,1.067,0.8138888888888888,3.9523333333333333,0.5
2010,woodke02,1.067,0.8138888888888888,3.9523333333333333,0.5
2011,albural01,1.563,0.6557539682539683,18.261000000000003,0.8888888888888888
2011,axforjo01,1.563,0.6557539682539683,18.261000000000003,0.8888888888888888
2011,fistedo01,1.563,0.6557539682539683,18.261000000000003,0.8888888888888888
2011,lidgebr01,1.563,0.6557539682539683,18.261000000000003,0.8888888888888888
2011,parkeja02,1.563,0.6557539682539683,18.261000000000003,0.8888888888888888
2011,riverma01,1.563,0.6557539682539683,18.261000000000003,0.8888888888888888
2011,roberda08,1.563,0.6557539682539683,18.261000000000003,0.8888888888888888
2011,rodrifr03,1.563,0.6557539682539683,18.261000000000003,0.8888888888888888
2011,saitota01,1.563,0.6557539682539683,18.261000000000003,0.8888888888888888
2011,zieglbr01,1.563,0.6557539682539683,18.261000000000003,0.8888888888888888
2012,albural01,1.3760000000000001,0.7846320346320347,1.968333333333333,0.75
2012,chapmar01,1.3760000000000001,0.7846320346320347,1.968333333333333,0.75
2012,kimbrcr01,1.3760000000000001,0.7846320346320347,1.968333333333333,0.75
2012,medlekr01,1.3760000000000001,0.7846320346320347,1.968333333333333,0.75
2012,millesh01,1.3760000000000001,0.7846320346320347,1.968333333333333,0.75
2012,mujiced01,1.3760000000000001,0.7846320346320347,1.968333333333333,0.75
2012,neshepa01,1.3760000000000001,0.7846320346320347,1.968333333333333,0.75
2012,oflaher01,1.3760000000000001,0.7846320346320347,1.968333333333333,0.75
2012,romose01,1.3760000000000001,0.7846320346320347,1.968333333333333,0.75
2012,ueharko01,1.3760000000000001,0.7846320346320347,1.968333333333333,0.75
2013,avilalu01,1.106,0.7468253968253967,1.7719999999999998,0.8333333333333334
2013,garcifr02,1.106,0.7468253968253967,1.7719999999999998,0.8333333333333334
2013,haleda02,1.106,0.7468253968253967,1.7719999999999998,0.8333333333333334
2013,kimbrcr01,1.106,0.7468253968253967,1.7719999999999998,0.8333333333333334
2013,melanma01,1.106,0.7468253968253967,1.7719999999999998,0.8333333333333334
2013,oteroda01,1.106,0.7468253968253967,1.7719999999999998,0.8333333333333334
2013,rzepcma01,1.106,0.7468253968253967,1.7719999999999998,0.8333333333333334
2013,siegrke01,1.106,0.7468253968253967,1.7719999999999998,0.8333333333333334
2013,ueharko01,1.106,0.7468253968253967,1.7719999999999998,0.8333333333333334
2013,wilsobr01,1.106,0.7468253968253967,1.7719999999999998,0.8333333333333334
2014,daviswa01,1.007,0.7006974506974506,3.68025,0.75
2014,finnebr01,1.007,0.7006974506974506,3.68025,0.75
2014,frasoja01,1.007,0.7006974506974506,3.68025,0.75
2014,herreke01,1.007,0.7006974506974506,3.68025,0.75
2014,hollagr01,1.007,0.7006974506974506,3.68025,0.75
2014,millean01,1.007,0.7006974506974506,3.68025,0.75
2014,pestavi01,1.007,0.7006974506974506,3.68025,0.75
2014,storedr01,1.007,0.7006974506974506,3.68025,0.75
2014,strichu01,1.007,0.7006974506974506,3.68025,0.75
2014,thornma01,1.007,0.7006974506974506,3.68025,0.75
2015,betande01,1.355,0.7643001443001443,3.4923333333333333,0.625
2015,daviswa01,1.355,0.7643001443001443,3.4923333333333333,0.625
2015,dysonsa01,1.355,0.7643001443001443,3.4923333333333333,0.625
2015,greinza01,1.355,0.7643001443001443,3.4923333333333333,0.625
2015,howeljp01,1.355,0.7643001443001443,3.4923333333333333,0.625
2015,reedad01,1.355,0.7643001443001443,3.4923333333333333,0.625
2015,rodnefe01,1.355,0.7643001443001443,3.4923333333333333,0.625
2015,rondohe01,1.355,0.7643001443001443,3.4923333333333333,0.625
2015,stromma01,1.355,0.7643001443001443,3.4923333333333333,0.625
2015,wainwad01,1.355,0.7643001443001443,3.4923333333333333,0.625
2016,blachty01,1.3850000000000002,0.7395833333333333,1.564,0.7333333333333333
2016,chapmar01,1.3850000000000002,0.7395833333333333,1.564,0.7333333333333333
2016,hartdo01,1.3850000000000002,0.7395833333333333,1.564,0.7333333333333333
2016,kershcl01,1.3850000000000002,0.7395833333333333,1.564,0.7333333333333333
2016,melanma01,1.3850000000000002,0.7395833333333333,1.564,0.7333333333333333
2016,merriry01,1.3850000000000002,0.7395833333333333,1.564,0.7333333333333333
2016,millean01,1.3850000000000002,0.7395833333333333,1.564,0.7333333333333333
2016,oteroda01,1.3850000000000002,0.7395833333333333,1.564,0.7333333333333333
2016,rzepcma01,1.3850000000000002,0.7395833333333333,1.564,0.7333333333333333
2016,zieglbr01,1.3850000000000002,0.7395833333333333,1.564,0.7333333333333333
